 FULL DENSITY MATRIX:
              (0.50000000000000000,0.0000000000000000)              (0.50000000000000000,0.0000000000000000)               (0.0000000000000000,0.0000000000000000)               (0.0000000000000000,0.0000000000000000)
              (0.50000000000000000,0.0000000000000000)              (0.50000000000000000,0.0000000000000000)               (0.0000000000000000,0.0000000000000000)               (0.0000000000000000,0.0000000000000000)
               (0.0000000000000000,0.0000000000000000)               (0.0000000000000000,0.0000000000000000)               (0.0000000000000000,0.0000000000000000)               (0.0000000000000000,0.0000000000000000)
               (0.0000000000000000,0.0000000000000000)               (0.0000000000000000,0.0000000000000000)               (0.0000000000000000,0.0000000000000000)               (0.0000000000000000,0.0000000000000000)
 REDUCED DENSITY MATRIX FOR THE FIRST SUBSYSTEM
              (0.50000000000000000,0.0000000000000000)              (0.50000000000000000,0.0000000000000000)
              (0.50000000000000000,0.0000000000000000)              (0.50000000000000000,0.0000000000000000)
 REDUCED DENSITY MATRIX FOR THE SECOND SUBSYSTEM
               (1.0000000000000000,0.0000000000000000)               (0.0000000000000000,0.0000000000000000)
               (0.0000000000000000,0.0000000000000000)               (0.0000000000000000,0.0000000000000000)
 
 NEW TRIAL: NN=2, dd=3
 
 FULL DENSITY MATRIX
               (0.0000000000000000,0.0000000000000000)               (0.0000000000000000,0.0000000000000000)               (0.0000000000000000,0.0000000000000000)               (0.0000000000000000,0.0000000000000000)               (0.0000000000000000,0.0000000000000000)               (0.0000000000000000,0.0000000000000000)               (0.0000000000000000,0.0000000000000000)               (0.0000000000000000,0.0000000000000000)               (0.0000000000000000,0.0000000000000000)
               (0.0000000000000000,0.0000000000000000)              (0.25000000000000000,0.0000000000000000)              (0.25000000000000000,0.0000000000000000)               (0.0000000000000000,0.0000000000000000)              (0.25000000000000000,0.0000000000000000)              (0.25000000000000000,0.0000000000000000)               (0.0000000000000000,0.0000000000000000)               (0.0000000000000000,0.0000000000000000)               (0.0000000000000000,0.0000000000000000)
               (0.0000000000000000,0.0000000000000000)              (0.25000000000000000,0.0000000000000000)              (0.25000000000000000,0.0000000000000000)               (0.0000000000000000,0.0000000000000000)              (0.25000000000000000,0.0000000000000000)              (0.25000000000000000,0.0000000000000000)               (0.0000000000000000,0.0000000000000000)               (0.0000000000000000,0.0000000000000000)               (0.0000000000000000,0.0000000000000000)
               (0.0000000000000000,0.0000000000000000)               (0.0000000000000000,0.0000000000000000)               (0.0000000000000000,0.0000000000000000)               (0.0000000000000000,0.0000000000000000)               (0.0000000000000000,0.0000000000000000)               (0.0000000000000000,0.0000000000000000)               (0.0000000000000000,0.0000000000000000)               (0.0000000000000000,0.0000000000000000)               (0.0000000000000000,0.0000000000000000)
               (0.0000000000000000,0.0000000000000000)              (0.25000000000000000,0.0000000000000000)              (0.25000000000000000,0.0000000000000000)               (0.0000000000000000,0.0000000000000000)              (0.25000000000000000,0.0000000000000000)              (0.25000000000000000,0.0000000000000000)               (0.0000000000000000,0.0000000000000000)               (0.0000000000000000,0.0000000000000000)               (0.0000000000000000,0.0000000000000000)
               (0.0000000000000000,0.0000000000000000)              (0.25000000000000000,0.0000000000000000)              (0.25000000000000000,0.0000000000000000)               (0.0000000000000000,0.0000000000000000)              (0.25000000000000000,0.0000000000000000)              (0.25000000000000000,0.0000000000000000)               (0.0000000000000000,0.0000000000000000)               (0.0000000000000000,0.0000000000000000)               (0.0000000000000000,0.0000000000000000)
               (0.0000000000000000,0.0000000000000000)               (0.0000000000000000,0.0000000000000000)               (0.0000000000000000,0.0000000000000000)               (0.0000000000000000,0.0000000000000000)               (0.0000000000000000,0.0000000000000000)               (0.0000000000000000,0.0000000000000000)               (0.0000000000000000,0.0000000000000000)               (0.0000000000000000,0.0000000000000000)               (0.0000000000000000,0.0000000000000000)
               (0.0000000000000000,0.0000000000000000)               (0.0000000000000000,0.0000000000000000)               (0.0000000000000000,0.0000000000000000)               (0.0000000000000000,0.0000000000000000)               (0.0000000000000000,0.0000000000000000)               (0.0000000000000000,0.0000000000000000)               (0.0000000000000000,0.0000000000000000)               (0.0000000000000000,0.0000000000000000)               (0.0000000000000000,0.0000000000000000)
               (0.0000000000000000,0.0000000000000000)               (0.0000000000000000,0.0000000000000000)               (0.0000000000000000,0.0000000000000000)               (0.0000000000000000,0.0000000000000000)               (0.0000000000000000,0.0000000000000000)               (0.0000000000000000,0.0000000000000000)               (0.0000000000000000,0.0000000000000000)               (0.0000000000000000,0.0000000000000000)               (0.0000000000000000,0.0000000000000000)
 REDUCED DENSITY MATRIX FOR THE FIRST SUBSYSTEM
               (0.0000000000000000,0.0000000000000000)               (0.0000000000000000,0.0000000000000000)               (0.0000000000000000,0.0000000000000000)
               (0.0000000000000000,0.0000000000000000)              (0.50000000000000000,0.0000000000000000)              (0.50000000000000000,0.0000000000000000)
               (0.0000000000000000,0.0000000000000000)              (0.50000000000000000,0.0000000000000000)              (0.50000000000000000,0.0000000000000000)
 REDUCED DENSITY MATRIX FOR THE SECOND SUBSYSTEM
              (0.50000000000000000,0.0000000000000000)              (0.50000000000000000,0.0000000000000000)               (0.0000000000000000,0.0000000000000000)
              (0.50000000000000000,0.0000000000000000)              (0.50000000000000000,0.0000000000000000)               (0.0000000000000000,0.0000000000000000)
               (0.0000000000000000,0.0000000000000000)               (0.0000000000000000,0.0000000000000000)               (0.0000000000000000,0.0000000000000000)
 
 NEW TRIAL: NN=3, dd=2
 
 FULL DENSITY MATRIX
               (0.0000000000000000,0.0000000000000000)               (0.0000000000000000,0.0000000000000000)               (0.0000000000000000,0.0000000000000000)               (0.0000000000000000,0.0000000000000000)               (0.0000000000000000,0.0000000000000000)               (0.0000000000000000,0.0000000000000000)               (0.0000000000000000,0.0000000000000000)               (0.0000000000000000,0.0000000000000000)
               (0.0000000000000000,0.0000000000000000)              (0.50000000000000000,0.0000000000000000)               (0.0000000000000000,0.0000000000000000)               (0.0000000000000000,0.0000000000000000)               (0.0000000000000000,0.0000000000000000)              (0.50000000000000000,0.0000000000000000)               (0.0000000000000000,0.0000000000000000)               (0.0000000000000000,0.0000000000000000)
               (0.0000000000000000,0.0000000000000000)               (0.0000000000000000,0.0000000000000000)               (0.0000000000000000,0.0000000000000000)               (0.0000000000000000,0.0000000000000000)               (0.0000000000000000,0.0000000000000000)               (0.0000000000000000,0.0000000000000000)               (0.0000000000000000,0.0000000000000000)               (0.0000000000000000,0.0000000000000000)
               (0.0000000000000000,0.0000000000000000)               (0.0000000000000000,0.0000000000000000)               (0.0000000000000000,0.0000000000000000)               (0.0000000000000000,0.0000000000000000)               (0.0000000000000000,0.0000000000000000)               (0.0000000000000000,0.0000000000000000)               (0.0000000000000000,0.0000000000000000)               (0.0000000000000000,0.0000000000000000)
               (0.0000000000000000,0.0000000000000000)               (0.0000000000000000,0.0000000000000000)               (0.0000000000000000,0.0000000000000000)               (0.0000000000000000,0.0000000000000000)               (0.0000000000000000,0.0000000000000000)               (0.0000000000000000,0.0000000000000000)               (0.0000000000000000,0.0000000000000000)               (0.0000000000000000,0.0000000000000000)
               (0.0000000000000000,0.0000000000000000)              (0.50000000000000000,0.0000000000000000)               (0.0000000000000000,0.0000000000000000)               (0.0000000000000000,0.0000000000000000)               (0.0000000000000000,0.0000000000000000)              (0.50000000000000000,0.0000000000000000)               (0.0000000000000000,0.0000000000000000)               (0.0000000000000000,0.0000000000000000)
               (0.0000000000000000,0.0000000000000000)               (0.0000000000000000,0.0000000000000000)               (0.0000000000000000,0.0000000000000000)               (0.0000000000000000,0.0000000000000000)               (0.0000000000000000,0.0000000000000000)               (0.0000000000000000,0.0000000000000000)               (0.0000000000000000,0.0000000000000000)               (0.0000000000000000,0.0000000000000000)
               (0.0000000000000000,0.0000000000000000)               (0.0000000000000000,0.0000000000000000)               (0.0000000000000000,0.0000000000000000)               (0.0000000000000000,0.0000000000000000)               (0.0000000000000000,0.0000000000000000)               (0.0000000000000000,0.0000000000000000)               (0.0000000000000000,0.0000000000000000)               (0.0000000000000000,0.0000000000000000)
 REDUCED DENSITY MATRIX: REMOVED THE FIRST SUBSYSTEM
               (0.0000000000000000,0.0000000000000000)               (0.0000000000000000,0.0000000000000000)               (0.0000000000000000,0.0000000000000000)               (0.0000000000000000,0.0000000000000000)
               (0.0000000000000000,0.0000000000000000)               (1.0000000000000000,0.0000000000000000)               (0.0000000000000000,0.0000000000000000)               (0.0000000000000000,0.0000000000000000)
               (0.0000000000000000,0.0000000000000000)               (0.0000000000000000,0.0000000000000000)               (0.0000000000000000,0.0000000000000000)               (0.0000000000000000,0.0000000000000000)
               (0.0000000000000000,0.0000000000000000)               (0.0000000000000000,0.0000000000000000)               (0.0000000000000000,0.0000000000000000)               (0.0000000000000000,0.0000000000000000)
 REDUCED DENSITY MATRIX: REMOVED THE SECOND SUBSYSTEM
               (0.0000000000000000,0.0000000000000000)               (0.0000000000000000,0.0000000000000000)               (0.0000000000000000,0.0000000000000000)               (0.0000000000000000,0.0000000000000000)
               (0.0000000000000000,0.0000000000000000)              (0.50000000000000000,0.0000000000000000)               (0.0000000000000000,0.0000000000000000)              (0.50000000000000000,0.0000000000000000)
               (0.0000000000000000,0.0000000000000000)               (0.0000000000000000,0.0000000000000000)               (0.0000000000000000,0.0000000000000000)               (0.0000000000000000,0.0000000000000000)
               (0.0000000000000000,0.0000000000000000)              (0.50000000000000000,0.0000000000000000)               (0.0000000000000000,0.0000000000000000)              (0.50000000000000000,0.0000000000000000)
 REDUCED DENSITY MATRIX: REMOVED THE THIRD SUBSYSTEM
              (0.50000000000000000,0.0000000000000000)               (0.0000000000000000,0.0000000000000000)              (0.50000000000000000,0.0000000000000000)               (0.0000000000000000,0.0000000000000000)
               (0.0000000000000000,0.0000000000000000)               (0.0000000000000000,0.0000000000000000)               (0.0000000000000000,0.0000000000000000)               (0.0000000000000000,0.0000000000000000)
              (0.50000000000000000,0.0000000000000000)               (0.0000000000000000,0.0000000000000000)              (0.50000000000000000,0.0000000000000000)               (0.0000000000000000,0.0000000000000000)
               (0.0000000000000000,0.0000000000000000)               (0.0000000000000000,0.0000000000000000)               (0.0000000000000000,0.0000000000000000)               (0.0000000000000000,0.0000000000000000)
 REDUCED DENSITY MATRIX: REMOVED ALSO THE SECOND SUBSYSTEM
              (0.50000000000000000,0.0000000000000000)              (0.50000000000000000,0.0000000000000000)
              (0.50000000000000000,0.0000000000000000)              (0.50000000000000000,0.0000000000000000)
