           2   1.6000000000000389E-005
           2   7.0000000000000617E-006
           3   8.0000000000001945E-006
           4   9.0000000000003272E-006
           5   9.0000000000003272E-006
           6   1.1999999999999858E-005
           8   1.4000000000000123E-005
          10   1.8999999999999920E-005
          13   2.7999999999999380E-005
          17   6.6999999999999352E-005
          21   1.1800000000000005E-004
          27   2.2499999999999951E-004
          34   4.2599999999999930E-004
          44   8.8500000000000037E-004
          56   1.6369999999999996E-003
          71   3.1200000000000012E-003
          90   6.1259999999999995E-003
         114   1.2220000000000002E-002
         145   2.5252999999999991E-002
         184   5.0726999999999994E-002
         234  0.10614600000000002     
         297  0.22397400000000001     
         377  0.45622799999999997     
         479  0.93478599999999989     
         607   1.9147460000000001     
         771   3.9313080000000014     
         978   8.1160440000000023     
        1242   16.379858000000013     
        1576   33.430750000000018     
        2000   68.379880000000014     
