           2   1.0000000000001327E-005
           2   8.0000000000001945E-006
           3   9.0000000000003272E-006
           4   7.9999999999993271E-006
           5   8.9999999999994598E-006
           6   9.0000000000003272E-006
           8   1.1000000000000593E-005
          10   1.5000000000000256E-005
          13   1.8999999999999920E-005
          17   4.3999999999999768E-005
          21   8.1999999999999608E-005
          27   1.2899999999999977E-004
          34   2.3600000000000010E-004
          44   4.1600000000000057E-004
          56   1.3620000000000004E-003
          71   2.1050000000000010E-003
          90   3.4900000000000000E-003
         114   6.9230000000000021E-003
         145   1.4326999999999996E-002
         184   2.8327999999999992E-002
         234   6.8002999999999980E-002
         297  0.17470500000000000     
         377  0.34450199999999997     
         479  0.70837399999999995     
         607   1.4466869999999998     
         771   3.6674160000000029     
         978   6.5888309999999990     
        1242   12.678647999999995     
        1576   25.778046999999987     
        2000   52.037327000000005     
