           2   2.2000000000001185E-005
           2   9.9999999999995925E-006
           3   1.0999999999999725E-005
           4   1.5000000000000256E-005
           5   1.4000000000000123E-005
           6   1.8999999999999920E-005
           8   3.1999999999999910E-005
          10   4.9999999999999697E-005
          13   1.0100000000000040E-004
          17   2.1899999999999958E-004
          21   3.9900000000000005E-004
          27   8.7600000000000004E-004
          34   1.6270000000000000E-003
          44   3.5300000000000002E-003
          56   6.3410000000000011E-003
          71   1.2605999999999996E-002
          90   2.5584999999999997E-002
         114   5.1869999999999999E-002
         145  0.10633100000000001     
         184  0.21522899999999998     
         234  0.44564499999999996     
         297  0.91366199999999997     
         377   1.8679580000000000     
         479   3.8341579999999995     
         607   7.7988720000000011     
         771   15.955577000000002     
         978   32.549861999999997     
        1242   69.005188999999987     
        1576   136.48652099999998     
        2000   280.45856200000003     
