           2   1.1999999999999858E-005
           2   9.9999999999995925E-006
           3   9.0000000000003272E-006
           4   1.2999999999999991E-005
           5   1.4000000000000123E-005
           6   1.7999999999999787E-005
           8   2.9999999999999645E-005
          10   5.0000000000000565E-005
          13   9.9000000000000130E-005
          17   2.0599999999999959E-004
          21   3.8600000000000093E-004
          27   8.2500000000000108E-004
          34   1.4029999999999997E-003
          44   3.2189999999999979E-003
          56   6.0529999999999994E-003
          71   1.2761999999999996E-002
          90   2.5590000000000002E-002
         114   5.1881999999999998E-002
         145  0.10638499999999998     
         184  0.21613599999999999     
         234  0.45115300000000003     
         297  0.95506699999999967     
         377   1.9475430000000005     
         479   3.9882619999999989     
         607   8.1001110000000018     
         771   16.590088999999999     
         978   33.811380000000000     
        1242   69.718697000000020     
        1576   141.27813500000002     
        2000   288.91427099999987     
