           2   9.0000000000003272E-006
           2   7.9999999999993271E-006
           3   8.0000000000010618E-006
           4   7.9999999999993271E-006
           5   7.9999999999993271E-006
           6   9.0000000000003272E-006
           8   1.0000000000000460E-005
          10   1.3999999999999256E-005
          13   1.7999999999999787E-005
          17   3.3000000000000043E-005
          21   6.3000000000000556E-005
          27   1.1900000000000018E-004
          34   2.3600000000000010E-004
          44   4.0399999999999985E-004
          56   1.3620000000000004E-003
          71   2.0440000000000007E-003
          90   3.4279999999999988E-003
         114   7.0329999999999976E-003
         145   1.4220000000000003E-002
         184   2.8175999999999993E-002
         234   6.6157999999999995E-002
         297  0.15865799999999997     
         377  0.33593000000000017     
         479  0.69401299999999977     
         607   1.4321550000000007     
         771   3.9386130000000001     
         978   6.5664840000000027     
        1242   12.033970999999994     
        1576   24.242921000000024     
        2000   51.580444000000000     
