           2   9.0000000000003272E-006
           2   5.9999999999999290E-006
           3   7.0000000000000617E-006
           4   7.0000000000000617E-006
           5   8.0000000000001945E-006
           6   9.0000000000003272E-006
           8   9.9999999999995925E-006
          10   1.2999999999999991E-005
          13   2.4999999999999849E-005
          17   3.1999999999999910E-005
          21   5.4000000000000228E-005
          27   1.0500000000000006E-004
          34   2.5399999999999902E-004
          44   3.7099999999999980E-004
          56   8.5000000000000006E-004
          71   1.0880000000000004E-003
          90   1.9199999999999981E-003
         114   3.7160000000000006E-003
         145   7.2270000000000043E-003
         184   1.3748999999999997E-002
         234   2.8484000000000009E-002
         297   6.0083000000000053E-002
         377  0.11923700000000004     
         479  0.23536199999999985     
         607  0.48752100000000098     
         771   1.1028289999999998     
         978   2.0568489999999997     
        1242   4.1098729999999932     
        1576   8.2346489999999903     
        2000   18.140269000000103     
