           2   2.7000000000000114E-005
           2   1.2000000000000725E-005
           3   1.1999999999999858E-005
           4   1.1999999999999858E-005
           5   1.4000000000000123E-005
           6   2.1000000000000185E-005
           8   2.2999999999999583E-005
          10   1.8999999999999920E-005
          13   2.3999999999999716E-005
          17   3.8999999999999972E-005
          21   6.7999999999999484E-005
          27   1.4800000000000056E-004
          34   2.5999999999999981E-004
          44   5.1099999999999930E-004
          56   1.0820000000000005E-003
          71   1.9160000000000002E-003
          90   3.8030000000000000E-003
         114   7.7869999999999997E-003
         145   1.5524999999999999E-002
         184   2.9357999999999995E-002
         234   6.6358000000000000E-002
         297  0.14762700000000001     
         377  0.34051799999999999     
         479  0.95575500000000002     
         607   6.0639370000000001     
         771   19.512716999999999     
         978   42.030576000000003     
        1242   84.203064999999995     
        1576   182.89178400000000     
        2000   450.19576400000000     
