           2   3.4999999999998574E-005
           2   1.4000000000000123E-005
           3   1.1999999999999858E-005
           4   1.2999999999999991E-005
           5   1.4999999999999389E-005
           6   2.4999999999999849E-005
           8   2.4999999999999849E-005
          10   1.9000000000000787E-005
          13   2.4999999999999849E-005
          17   4.1000000000000238E-005
          21   6.9999999999999750E-005
          27   1.9999999999999966E-004
          34   2.6400000000000035E-004
          44   4.4299999999999982E-004
          56   1.5119999999999995E-003
          71   1.9640000000000005E-003
          90   3.5669999999999999E-003
         114   7.5269999999999990E-003
         145   1.3847000000000000E-002
         184   2.7758999999999999E-002
         234   6.2845999999999999E-002
         297  0.14451500000000000     
         377  0.32478099999999999     
         479  0.93369199999999997     
         607   6.0464659999999997     
         771   19.681177000000002     
         978   43.822523000000004     
        1242   85.250048000000007     
        1576   181.87508499999998     
        2000   440.77426699999995     
