   0.0000000000000000     
  0.31385246920140247     
  0.62770493840280495     
  0.94155740760420747     
   1.2554098768056099     
   1.5692623460070123     
   1.8831148152084149     
   2.1969672844098174     
   2.5108197536112198     
   2.8246722228126222     
   3.1385246920140246     
   3.4523771612154270     
   3.7662296304168299     
   4.0800820996182319     
   4.3939345688196347     
   4.7077870380210367     
   5.0216395072224396     
   5.3354919764238424     
   5.6493444456252444     
   5.9631969148266473     
   6.2770493840280492     
   6.5909018532294521     
   6.9047543224308541     
   7.2186067916322569     
   7.5324592608336598     
   7.8463117300350618     
   8.1601641992364637     
   8.4740166684378675     
   8.7878691376392695     
   9.1017216068406714     
   9.4155740760420734     
   9.7294265452434772     
   10.043279014444879     
   10.357131483646281     
   10.670983952847685     
   10.984836422049087     
   11.298688891250489     
   11.612541360451891     
   11.926393829653295     
   12.240246298854697     
   12.554098768056098     
   12.867951237257502     
   13.181803706458904     
   13.495656175660306     
   13.809508644861708     
   14.123361114063112     
   14.437213583264514     
   14.751066052465916     
   15.064918521667320     
   15.378770990868722     
   15.692623460070124     
   16.006475929271527     
   16.320328398472927     
   16.634180867674331     
   16.948033336875735     
   17.261885806077135     
   17.575738275278539     
   17.889590744479943     
   18.203443213681343     
   18.517295682882747     
   18.831148152084147     
   19.145000621285551     
   19.458853090486954     
   19.772705559688355     
   20.086558028889758     
   20.400410498091162     
   20.714262967292562     
   21.028115436493966     
   21.341967905695370     
   21.655820374896770     
   21.969672844098174     
   22.283525313299574     
   22.597377782500978     
   22.911230251702381     
   23.225082720903782     
   23.538935190105185     
   23.852787659306589     
   24.166640128507989     
   24.480492597709393     
   24.794345066910797     
   25.108197536112197     
   25.422050005313601     
   25.735902474515004     
   26.049754943716405     
   26.363607412917808     
   26.677459882119209     
   26.991312351320612     
   27.305164820522016     
   27.619017289723416     
   27.932869758924820     
   28.246722228126224     
   28.560574697327624     
   28.874427166529028     
   29.188279635730431     
   29.502132104931832     
   29.815984574133235     
   30.129837043334639     
   30.443689512536039     
   30.757541981737443     
   31.071394450938843     
   31.385246920140247     
   31.699099389341651     
   32.012951858543055     
   32.326804327744455     
   32.640656796945855     
   32.954509266147262     
   33.268361735348662     
   33.582214204550063     
   33.896066673751470     
   34.209919142952870     
   34.523771612154270     
   34.837624081355678     
   35.151476550557078     
   35.465329019758478     
   35.779181488959885     
   36.093033958161286     
   36.406886427362686     
   36.720738896564086     
   37.034591365765493     
   37.348443834966893     
   37.662296304168294     
   37.976148773369701     
   38.290001242571101     
   38.603853711772501     
   38.917706180973909     
   39.231558650175309     
   39.545411119376709     
   39.859263588578116     
   40.173116057779517     
   40.486968526980917     
   40.800820996182324     
   41.114673465383724     
   41.428525934585124     
   41.742378403786532     
   42.056230872987932     
   42.370083342189332     
   42.683935811390739     
   42.997788280592140     
   43.311640749793540     
   43.625493218994947     
   43.939345688196347     
   44.253198157397748     
   44.567050626599148     
   44.880903095800555     
   45.194755565001955     
   45.508608034203355     
   45.822460503404763     
   46.136312972606163     
   46.450165441807563     
   46.764017911008970     
   47.077870380210371     
   47.391722849411771     
   47.705575318613178     
   48.019427787814578     
   48.333280257015979     
   48.647132726217386     
   48.960985195418786     
   49.274837664620186     
   49.588690133821594     
   49.902542603022994     
   50.216395072224394     
   50.530247541425801     
   50.844100010627201     
   51.157952479828602     
   51.471804949030009     
   51.785657418231409     
   52.099509887432809     
   52.413362356634210     
   52.727214825835617     
   53.041067295037017     
   53.354919764238417     
   53.668772233439825     
   53.982624702641225     
   54.296477171842625     
   54.610329641044032     
   54.924182110245432     
   55.238034579446833     
   55.551887048648240     
   55.865739517849640     
   56.179591987051040     
   56.493444456252448     
   56.807296925453848     
   57.121149394655248     
   57.435001863856655     
   57.748854333058055     
   58.062706802259456     
   58.376559271460863     
   58.690411740662263     
   59.004264209863663     
   59.318116679065071     
   59.631969148266471     
   59.945821617467871     
   60.259674086669278     
   60.573526555870679     
   60.887379025072079     
   61.201231494273479     
   61.515083963474886     
   61.828936432676286     
   62.142788901877687     
   62.456641371079094     
   62.770493840280494     
   63.084346309481894     
   63.398198778683302     
   63.712051247884702     
   64.025903717086109     
   64.339756186287502     
   64.653608655488910     
   64.967461124690317     
   65.281313593891710     
   65.595166063093117     
   65.909018532294525     
   66.222871001495918     
   66.536723470697325     
   66.850575939898732     
   67.164428409100125     
   67.478280878301533     
   67.792133347502940     
   68.105985816704333     
   68.419838285905740     
   68.733690755107148     
   69.047543224308541     
   69.361395693509948     
   69.675248162711355     
   69.989100631912748     
   70.302953101114156     
   70.616805570315563     
   70.930658039516956     
   71.244510508718363     
   71.558362977919771     
   71.872215447121164     
   72.186067916322571     
   72.499920385523964     
   72.813772854725372     
   73.127625323926779     
   73.441477793128172     
   73.755330262329579     
   74.069182731530987     
   74.383035200732380     
   74.696887669933787     
   75.010740139135194     
   75.324592608336587     
   75.638445077537995     
   75.952297546739402     
   76.266150015940795     
   76.580002485142202     
   76.893854954343610     
   77.207707423545003     
   77.521559892746410     
   77.835412361947817     
   78.149264831149210     
   78.463117300350618     
   78.776969769552025     
   79.090822238753418     
   79.404674707954825     
   79.718527177156233     
   80.032379646357626     
   80.346232115559033     
   80.660084584760440     
   80.973937053961833     
   81.287789523163241     
   81.601641992364648     
   81.915494461566041     
   82.229346930767448     
   82.543199399968856     
   82.857051869170249     
   83.170904338371656     
   83.484756807573063     
   83.798609276774457     
   84.112461745975864     
   84.426314215177271     
   84.740166684378664     
   85.054019153580072     
   85.367871622781479     
   85.681724091982872     
   85.995576561184279     
   86.309429030385687     
   86.623281499587080     
   86.937133968788487     
   87.250986437989894     
   87.564838907191287     
   87.878691376392695     
   88.192543845594102     
   88.506396314795495     
   88.820248783996902     
   89.134101253198295     
   89.447953722399703     
   89.761806191601110     
   90.075658660802503     
   90.389511130003910     
   90.703363599205318     
   91.017216068406711     
   91.331068537608118     
   91.644921006809525     
   91.958773476010919     
   92.272625945212326     
   92.586478414413733     
   92.900330883615126     
   93.214183352816534     
   93.528035822017941     
   93.841888291219334     
   94.155740760420741     
   94.469593229622149     
   94.783445698823542     
   95.097298168024949     
   95.411150637226356     
   95.725003106427749     
   96.038855575629157     
   96.352708044830564     
   96.666560514031957     
   96.980412983233364     
   97.294265452434772     
   97.608117921636165     
   97.921970390837572     
   98.235822860038979     
   98.549675329240372     
   98.863527798441780     
   99.177380267643187     
   99.491232736844580     
   99.805085206045987     
   100.11893767524739     
   100.43279014444879     
   100.74664261365020     
   101.06049508285160     
   101.37434755205300     
   101.68820002125440     
   102.00205249045581     
   102.31590495965720     
   102.62975742885861     
   102.94360989806002     
   103.25746236726141     
   103.57131483646282     
   103.88516730566423     
   104.19901977486562     
   104.51287224406703     
   104.82672471326842     
   105.14057718246983     
   105.45442965167123     
   105.76828212087263     
   106.08213459007403     
   106.39598705927544     
   106.70983952847683     
   107.02369199767824     
   107.33754446687965     
   107.65139693608104     
   107.96524940528245     
   108.27910187448386     
   108.59295434368525     
   108.90680681288666     
   109.22065928208806     
   109.53451175128946     
   109.84836422049086     
   110.16221668969227     
   110.47606915889367     
   110.78992162809507     
   111.10377409729648     
   111.41762656649787     
   111.73147903569928     
   112.04533150490069     
   112.35918397410208     
   112.67303644330349     
   112.98688891250490     
   113.30074138170629     
   113.61459385090770     
   113.92844632010910     
   114.24229878931050     
   114.55615125851190     
   114.87000372771331     
   115.18385619691470     
   115.49770866611611     
   115.81156113531752     
   116.12541360451891     
   116.43926607372032     
   116.75311854292173     
   117.06697101212312     
   117.38082348132453     
   117.69467595052593     
   118.00852841972733     
   118.32238088892873     
   118.63623335813014     
   118.95008582733153     
   119.26393829653294     
   119.57779076573435     
   119.89164323493574     
   120.20549570413715     
   120.51934817333856     
   120.83320064253995     
   121.14705311174136     
   121.46090558094275     
   121.77475805014416     
   122.08861051934556     
   122.40246298854696     
   122.71631545774837     
   123.03016792694977     
   123.34402039615117     
   123.65787286535257     
   123.97172533455398     
   124.28557780375537     
   124.59943027295678     
   124.91328274215819     
   125.22713521135958     
   125.54098768056099     
   125.85484014976240     
   126.16869261896379     
   126.48254508816520     
   126.79639755736660     
   127.11025002656800     
   127.42410249576940     
   127.73795496497081     
   128.05180743417222     
   128.36565990337363     
   128.67951237257500     
   128.99336484177641     
   129.30721731097782     
   129.62106978017923     
   129.93492224938063     
   130.24877471858201     
   130.56262718778342     
   130.87647965698483     
   131.19033212618623     
   131.50418459538764     
   131.81803706458905     
   132.13188953379043     
   132.44574200299184     
   132.75959447219324     
   133.07344694139465     
   133.38729941059606     
   133.70115187979746     
   134.01500434899884     
   134.32885681820025     
   134.64270928740166     
   134.95656175660307     
   135.27041422580447     
   135.58426669500588     
   135.89811916420726     
   136.21197163340867     
   136.52582410261007     
   136.83967657181148     
   137.15352904101289     
   137.46738151021430     
   137.78123397941567     
   138.09508644861708     
   138.40893891781849     
   138.72279138701990     
   139.03664385622130     
   139.35049632542271     
   139.66434879462409     
   139.97820126382550     
   140.29205373302690     
   140.60590620222831     
   140.91975867142972     
   141.23361114063113     
   141.54746360983250     
   141.86131607903391     
   142.17516854823532     
   142.48902101743673     
   142.80287348663813     
   143.11672595583954     
   143.43057842504092     
   143.74443089424233     
   144.05828336344373     
   144.37213583264514     
   144.68598830184655     
   144.99984077104793     
   145.31369324024934     
   145.62754570945074     
   145.94139817865215     
   146.25525064785356     
   146.56910311705496     
   146.88295558625634     
   147.19680805545775     
   147.51066052465916     
   147.82451299386057     
   148.13836546306197     
   148.45221793226338     
   148.76607040146476     
   149.07992287066617     
   149.39377533986757     
   149.70762780906898     
   150.02148027827039     
   150.33533274747180     
   150.64918521667317     
   150.96303768587458     
   151.27689015507599     
   151.59074262427740     
   151.90459509347880     
   152.21844756268021     
   152.53230003188159     
   152.84615250108300     
   153.16000497028440     
   153.47385743948581     
   153.78770990868722     
   154.10156237788863     
   154.41541484709001     
   154.72926731629141     
   155.04311978549282     
   155.35697225469423     
   155.67082472389563     
   155.98467719309704     
   156.29852966229842     
   156.61238213149983     
   156.92623460070124     
   157.24008706990264     
   157.55393953910405     
   157.86779200830546     
   158.18164447750684     
   158.49549694670824     
   158.80934941590965     
   159.12320188511106     
   159.43705435431247     
   159.75090682351387     
   160.06475929271525     
  -161.00631670031950     
  -160.69246423111809     
  -160.37861176191669     
  -160.06475929271528     
  -159.75090682351390     
  -159.43705435431249     
  -159.12320188511109     
  -158.80934941590968     
  -158.49549694670827     
  -158.18164447750686     
  -157.86779200830549     
  -157.55393953910408     
  -157.24008706990267     
  -156.92623460070126     
  -156.61238213149986     
  -156.29852966229845     
  -155.98467719309707     
  -155.67082472389566     
  -155.35697225469426     
  -155.04311978549285     
  -154.72926731629144     
  -154.41541484709003     
  -154.10156237788865     
  -153.78770990868725     
  -153.47385743948584     
  -153.16000497028443     
  -152.84615250108303     
  -152.53230003188162     
  -152.21844756268024     
  -151.90459509347883     
  -151.59074262427742     
  -151.27689015507602     
  -150.96303768587461     
  -150.64918521667320     
  -150.33533274747182     
  -150.02148027827042     
  -149.70762780906901     
  -149.39377533986760     
  -149.07992287066619     
  -148.76607040146479     
  -148.45221793226341     
  -148.13836546306200     
  -147.82451299386059     
  -147.51066052465919     
  -147.19680805545778     
  -146.88295558625637     
  -146.56910311705499     
  -146.25525064785359     
  -145.94139817865218     
  -145.62754570945077     
  -145.31369324024936     
  -144.99984077104796     
  -144.68598830184658     
  -144.37213583264517     
  -144.05828336344376     
  -143.74443089424236     
  -143.43057842504095     
  -143.11672595583957     
  -142.80287348663816     
  -142.48902101743676     
  -142.17516854823535     
  -141.86131607903394     
  -141.54746360983253     
  -141.23361114063115     
  -140.91975867142975     
  -140.60590620222834     
  -140.29205373302693     
  -139.97820126382553     
  -139.66434879462412     
  -139.35049632542274     
  -139.03664385622133     
  -138.72279138701992     
  -138.40893891781852     
  -138.09508644861711     
  -137.78123397941570     
  -137.46738151021432     
  -137.15352904101292     
  -136.83967657181151     
  -136.52582410261010     
  -136.21197163340869     
  -135.89811916420729     
  -135.58426669500591     
  -135.27041422580450     
  -134.95656175660309     
  -134.64270928740169     
  -134.32885681820028     
  -134.01500434899887     
  -133.70115187979749     
  -133.38729941059609     
  -133.07344694139468     
  -132.75959447219327     
  -132.44574200299186     
  -132.13188953379046     
  -131.81803706458908     
  -131.50418459538767     
  -131.19033212618626     
  -130.87647965698486     
  -130.56262718778345     
  -130.24877471858204     
  -129.93492224938066     
  -129.62106978017925     
  -129.30721731097785     
  -128.99336484177644     
  -128.67951237257503     
  -128.36565990337365     
  -128.05180743417225     
  -127.73795496497084     
  -127.42410249576943     
  -127.11025002656802     
  -126.79639755736662     
  -126.48254508816524     
  -126.16869261896383     
  -125.85484014976242     
  -125.54098768056102     
  -125.22713521135961     
  -124.91328274215820     
  -124.59943027295682     
  -124.28557780375542     
  -123.97172533455401     
  -123.65787286535260     
  -123.34402039615119     
  -123.03016792694979     
  -122.71631545774841     
  -122.40246298854700     
  -122.08861051934559     
  -121.77475805014419     
  -121.46090558094278     
  -121.14705311174137     
  -120.83320064253999     
  -120.51934817333859     
  -120.20549570413718     
  -119.89164323493577     
  -119.57779076573436     
  -119.26393829653296     
  -118.95008582733158     
  -118.63623335813017     
  -118.32238088892876     
  -118.00852841972736     
  -117.69467595052595     
  -117.38082348132454     
  -117.06697101212316     
  -116.75311854292175     
  -116.43926607372035     
  -116.12541360451894     
  -115.81156113531753     
  -115.49770866611613     
  -115.18385619691475     
  -114.87000372771334     
  -114.55615125851193     
  -114.24229878931052     
  -113.92844632010912     
  -113.61459385090771     
  -113.30074138170633     
  -112.98688891250492     
  -112.67303644330352     
  -112.35918397410211     
  -112.04533150490070     
  -111.73147903569932     
  -111.41762656649792     
  -111.10377409729651     
  -110.78992162809510     
  -110.47606915889369     
  -110.16221668969229     
  -109.84836422049091     
  -109.53451175128950     
  -109.22065928208809     
  -108.90680681288669     
  -108.59295434368528     
  -108.27910187448387     
  -107.96524940528249     
  -107.65139693608108     
  -107.33754446687968     
  -107.02369199767827     
  -106.70983952847686     
  -106.39598705927546     
  -106.08213459007408     
  -105.76828212087267     
  -105.45442965167126     
  -105.14057718246985     
  -104.82672471326845     
  -104.51287224406704     
  -104.19901977486566     
  -103.88516730566425     
  -103.57131483646285     
  -103.25746236726144     
  -102.94360989806003     
  -102.62975742885862     
  -102.31590495965725     
  -102.00205249045584     
  -101.68820002125443     
  -101.37434755205302     
  -101.06049508285162     
  -100.74664261365021     
  -100.43279014444883     
  -100.11893767524742     
  -99.805085206046016     
  -99.491232736844609     
  -99.177380267643201     
  -98.863527798441794     
  -98.549675329240415     
  -98.235822860039008     
  -97.921970390837600     
  -97.608117921636193     
  -97.294265452434786     
  -96.980412983233379     
  -96.666560514032000     
  -96.352708044830592     
  -96.038855575629185     
  -95.725003106427778     
  -95.411150637226370     
  -95.097298168024992     
  -94.783445698823584     
  -94.469593229622177     
  -94.155740760420770     
  -93.841888291219362     
  -93.528035822017955     
  -93.214183352816576     
  -92.900330883615169     
  -92.586478414413762     
  -92.272625945212354     
  -91.958773476010947     
  -91.644921006809540     
  -91.331068537608161     
  -91.017216068406753     
  -90.703363599205346     
  -90.389511130003939     
  -90.075658660802532     
  -89.761806191601124     
  -89.447953722399745     
  -89.134101253198338     
  -88.820248783996931     
  -88.506396314795523     
  -88.192543845594116     
  -87.878691376392709     
  -87.564838907191330     
  -87.250986437989923     
  -86.937133968788515     
  -86.623281499587108     
  -86.309429030385701     
  -85.995576561184293     
  -85.681724091982915     
  -85.367871622781507     
  -85.054019153580100     
  -84.740166684378693     
  -84.426314215177285     
  -84.112461745975878     
  -83.798609276774499     
  -83.484756807573092     
  -83.170904338371685     
  -82.857051869170277     
  -82.543199399968870     
  -82.229346930767463     
  -81.915494461566084     
  -81.601641992364677     
  -81.287789523163269     
  -80.973937053961862     
  -80.660084584760455     
  -80.346232115559047     
  -80.032379646357668     
  -79.718527177156261     
  -79.404674707954854     
  -79.090822238753447     
  -78.776969769552039     
  -78.463117300350660     
  -78.149264831149253     
  -77.835412361947846     
  -77.521559892746438     
  -77.207707423545031     
  -76.893854954343624     
  -76.580002485142245     
  -76.266150015940838     
  -75.952297546739430     
  -75.638445077538023     
  -75.324592608336616     
  -75.010740139135208     
  -74.696887669933830     
  -74.383035200732422     
  -74.069182731531015     
  -73.755330262329608     
  -73.441477793128200     
  -73.127625323926793     
  -72.813772854725414     
  -72.499920385524007     
  -72.186067916322600     
  -71.872215447121192     
  -71.558362977919785     
  -71.244510508718378     
  -70.930658039516999     
  -70.616805570315591     
  -70.302953101114184     
  -69.989100631912777     
  -69.675248162711370     
  -69.361395693509962     
  -69.047543224308583     
  -68.733690755107176     
  -68.419838285905769     
  -68.105985816704361     
  -67.792133347502954     
  -67.478280878301547     
  -67.164428409100168     
  -66.850575939898761     
  -66.536723470697353     
  -66.222871001495946     
  -65.909018532294539     
  -65.595166063093131     
  -65.281313593891724     
  -64.967461124690345     
  -64.653608655488910     
  -64.339756186287531     
  -64.025903717086152     
  -63.712051247884709     
  -63.398198778683330     
  -63.084346309481894     
  -62.770493840280515     
  -62.456641371079137     
  -62.142788901877701     
  -61.828936432676322     
  -61.515083963474886     
  -61.201231494273507     
  -60.887379025072129     
  -60.573526555870693     
  -60.259674086669314     
  -59.945821617467878     
  -59.631969148266499     
  -59.318116679065064     
  -59.004264209863685     
  -58.690411740662306     
  -58.376559271460870     
  -58.062706802259491     
  -57.748854333058055     
  -57.435001863856677     
  -57.121149394655298     
  -56.807296925453862     
  -56.493444456252483     
  -56.179591987051047     
  -55.865739517849669     
  -55.551887048648233     
  -55.238034579446854     
  -54.924182110245475     
  -54.610329641044039     
  -54.296477171842660     
  -53.982624702641225     
  -53.668772233439846     
  -53.354919764238467     
  -53.041067295037031     
  -52.727214825835652     
  -52.413362356634217     
  -52.099509887432838     
  -51.785657418231402     
  -51.471804949030023     
  -51.157952479828644     
  -50.844100010627209     
  -50.530247541425830     
  -50.216395072224394     
  -49.902542603023015     
  -49.588690133821636     
  -49.274837664620200     
  -48.960985195418822     
  -48.647132726217386     
  -48.333280257016007     
  -48.019427787814628     
  -47.705575318613192     
  -47.391722849411813     
  -47.077870380210378     
  -46.764017911008999     
  -46.450165441807563     
  -46.136312972606184     
  -45.822460503404805     
  -45.508608034203370     
  -45.194755565001991     
  -44.880903095800555     
  -44.567050626599176     
  -44.253198157397797     
  -43.939345688196362     
  -43.625493218994983     
  -43.311640749793547     
  -42.997788280592168     
  -42.683935811390732     
  -42.370083342189353     
  -42.056230872987975     
  -41.742378403786539     
  -41.428525934585160     
  -41.114673465383724     
  -40.800820996182345     
  -40.486968526980966     
  -40.173116057779531     
  -39.859263588578152     
  -39.545411119376716     
  -39.231558650175337     
  -38.917706180973902     
  -38.603853711772523     
  -38.290001242571144     
  -37.976148773369708     
  -37.662296304168329     
  -37.348443834966893     
  -37.034591365765515     
  -36.720738896564136     
  -36.406886427362700     
  -36.093033958161321     
  -35.779181488959885     
  -35.465329019758506     
  -35.151476550557071     
  -34.837624081355692     
  -34.523771612154313     
  -34.209919142952877     
  -33.896066673751498     
  -33.582214204550063     
  -33.268361735348684     
  -32.954509266147305     
  -32.640656796945869     
  -32.326804327744490     
  -32.012951858543055     
  -31.699099389341679     
  -31.385246920140300     
  -31.071394450938865     
  -30.757541981737486     
  -30.443689512536050     
  -30.129837043334671     
  -29.815984574133235     
  -29.502132104931857     
  -29.188279635730478     
  -28.874427166529042     
  -28.560574697327663     
  -28.246722228126227     
  -27.932869758924848     
  -27.619017289723470     
  -27.305164820522034     
  -26.991312351320655     
  -26.677459882119219     
  -26.363607412917840     
  -26.049754943716405     
  -25.735902474515026     
  -25.422050005313647     
  -25.108197536112211     
  -24.794345066910832     
  -24.480492597709397     
  -24.166640128508018     
  -23.852787659306639     
  -23.538935190105203     
  -23.225082720903824     
  -22.911230251702388     
  -22.597377782501010     
  -22.283525313299574     
  -21.969672844098195     
  -21.655820374896816     
  -21.341967905695380     
  -21.028115436494002     
  -20.714262967292566     
  -20.400410498091187     
  -20.086558028889808     
  -19.772705559688372     
  -19.458853090486993     
  -19.145000621285558     
  -18.831148152084179     
  -18.517295682882743     
  -18.203443213681364     
  -17.889590744479985     
  -17.575738275278550     
  -17.261885806077171     
  -16.948033336875735     
  -16.634180867674356     
  -16.320328398472977     
  -16.006475929271542     
  -15.692623460070161     
  -15.378770990868725     
  -15.064918521667346     
  -14.751066052465967     
  -14.437213583264532     
  -14.123361114063153     
  -13.809508644861717     
  -13.495656175660338     
  -13.181803706458902     
  -12.867951237257524     
  -12.554098768056145     
  -12.240246298854709     
  -11.926393829653330     
  -11.612541360451894     
  -11.298688891250515     
  -10.984836422049137     
  -10.670983952847701     
  -10.357131483646322     
  -10.043279014444886     
  -9.7294265452435074     
  -9.4155740760420716     
  -9.1017216068406928     
  -8.7878691376393139     
  -8.4740166684378782     
  -8.1601641992364993     
  -7.8463117300350644     
  -7.5324592608336856     
  -7.2186067916323067     
  -6.9047543224308709     
  -6.5909018532294921     
  -6.2770493840280563     
  -5.9631969148266775     
  -5.6493444456252417     
  -5.3354919764238629     
  -5.0216395072224840     
  -4.7077870380210483     
  -4.3939345688196694     
  -4.0800820996182336     
  -3.7662296304168543     
  -3.4523771612154754     
  -3.1385246920140397     
  -2.8246722228126608     
  -2.5108197536112251     
  -2.1969672844098462     
  -1.8831148152084105     
  -1.5692623460070316     
  -1.2554098768056527     
 -0.94155740760421702     
 -0.62770493840283814     
 -0.31385246920140247     
