 Dimensions:            3           3
 
 Trace:               (1.2347366735339165,0.70889285951852798)
 
 Determinant:                (0.0000000000000000,0.0000000000000000)
 
 Matrix elements: 
        (0.11377593129873276,3.46478149294853210E-002)             (0.25841724872589111,0.47480273246765137)             (0.63709616661071777,0.49770611524581909)
             (0.12620790302753448,0.98060971498489380)             (0.65527600049972534,0.12371765077114105)             (0.36357876658439636,0.22294211387634277)
             (0.16453519463539124,0.24889101088047028)             (0.10088932514190674,0.79697477817535400)             (0.46568474173545837,0.55052739381790161)
