           2   7.9999999999993271E-006
           2   8.0000000000001945E-006
           3   7.9999999999993271E-006
           4   9.0000000000003272E-006
           5   9.0000000000003272E-006
           6   1.0000000000000460E-005
           8   1.0999999999999725E-005
          10   1.3999999999999256E-005
          13   1.7999999999999787E-005
          17   5.1999999999999963E-005
          21   7.5999999999999679E-005
          27   1.2999999999999991E-004
          34   2.3499999999999997E-004
          44   4.8600000000000032E-004
          56   9.6499999999999884E-004
          71   2.1100000000000008E-003
          90   3.5019999999999999E-003
         114   6.9599999999999974E-003
         145   1.4525000000000000E-002
         184   2.8553999999999996E-002
         234   6.2743999999999994E-002
         297  0.16554500000000000     
         377  0.34497699999999998     
         479  0.70540400000000003     
         607   1.4560290000000000     
         771   2.9755409999999998     
         978   6.0601889999999941     
        1242   12.404493000000002     
        1576   26.768130000000014     
        2000   52.874573999999996     
