           2   7.0000000000000617E-006
           2   7.0000000000000617E-006
           3   5.9999999999999290E-006
           4   8.0000000000001945E-006
           5   9.0000000000003272E-006
           6   9.0000000000003272E-006
           8   1.0000000000000460E-005
          10   1.2999999999999991E-005
          13   1.6999999999999654E-005
          17   3.4000000000000176E-005
          21   2.0099999999999979E-004
          27   1.2000000000000031E-004
          34   2.3700000000000023E-004
          44   4.7499999999999973E-004
          56   9.5899999999999978E-004
          71   2.2329999999999989E-003
          90   3.6419999999999994E-003
         114   7.4639999999999984E-003
         145   1.5074000000000004E-002
         184   3.0176999999999995E-002
         234   6.7732000000000014E-002
         297  0.17125800000000002     
         377  0.34919600000000006     
         479  0.71408199999999988     
         607   1.4533939999999994     
         771   2.9228889999999978     
         978   5.9267459999999943     
        1242   12.078029999999998     
        1576   27.461728999999991     
        2000   54.670574000000045     
