           2   9.0000000000003272E-006
           2   7.9999999999993271E-006
           3   6.9999999999991944E-006
           4   9.0000000000003272E-006
           5   8.0000000000001945E-006
           6   1.0000000000000460E-005
           8   1.2999999999999991E-005
          10   1.7999999999999787E-005
          13   2.5999999999999981E-005
          17   5.6999999999999759E-005
          21   1.0500000000000006E-004
          27   2.1499999999999991E-004
          34   4.2400000000000077E-004
          44   8.7600000000000004E-004
          56   1.5149999999999990E-003
          71   3.1470000000000005E-003
          90   6.1860000000000005E-003
         114   1.2556999999999999E-002
         145   2.5585999999999998E-002
         184   5.1525999999999988E-002
         234  0.10987500000000000     
         297  0.23793200000000003     
         377  0.49078500000000003     
         479   1.0112869999999998     
         607   2.0492340000000002     
         771   4.1619549999999990     
         978   8.5681180000000055     
        1242   17.215094999999991     
        1576   35.191861000000017     
        2000   72.628777000000014     
