           2   4.9999999999997963E-006
           2   4.9999999999997963E-006
           3   5.9999999999999290E-006
           4   4.9999999999997963E-006
           5   5.9999999999999290E-006
           6   7.0000000000000617E-006
           8   8.0000000000001945E-006
          10   1.0000000000000460E-005
          13   3.0000000000000512E-005
          17   3.3000000000000043E-005
          21   5.9000000000000025E-005
          27   1.2799999999999964E-004
          34   2.6300000000000108E-004
          44   4.1400000000000117E-004
          56   7.0099999999999850E-004
          71   1.2439999999999986E-003
          90   1.9990000000000008E-003
         114   3.6229999999999978E-003
         145   7.1329999999999935E-003
         184   1.3736999999999999E-002
         234   2.8815000000000007E-002
         297   5.9598999999999958E-002
         377  0.11661499999999991     
         479  0.24000000000000021     
         607  0.48708699999999894     
         771   1.0077430000000014     
         978   1.9964629999999985     
        1242   3.9993759999999980     
        1576   8.3923849999999902     
        2000   16.804275000000075     
