           2   4.2299999999999977E-004
           2   5.0999999999999830E-005
           3   5.4999999999999494E-005
           4   5.9000000000000025E-005
           5   5.7999999999999892E-005
           6   6.9000000000000485E-005
           8   7.2000000000000015E-005
          10   8.7999999999999537E-005
          13   9.4000000000000333E-005
          17   1.1200000000000012E-004
          21   1.3499999999999970E-004
          27   1.9599999999999999E-004
          34   2.3100000000000030E-004
          44   3.7200000000000080E-004
          56   6.5999999999999739E-004
          71   1.0830000000000006E-003
          90   2.1520000000000011E-003
         114   3.6909999999999998E-003
         145   7.1959999999999802E-003
         184   1.3710000000000000E-002
         234   2.7289000000000119E-002
         297   5.8092999999999950E-002
         377  0.11476899999999990     
         479  0.22873499999999858     
         607  0.47621700000000189     
         771  0.99102500000000049     
         978   1.9718579999999974     
        1242   4.0051970000000097     
        1576   8.3362459999999601     
        2000   16.783557999999857     
