           2   7.9999999999993271E-006
           2   4.9999999999997963E-006
           3   7.0000000000000617E-006
           4   8.0000000000001945E-006
           5   9.0000000000003272E-006
           6   1.4000000000000123E-005
           8   2.7000000000000114E-005
          10   4.8000000000000299E-005
          13   9.0000000000000670E-005
          17   2.7099999999999954E-004
          21   3.7799999999999986E-004
          27   8.6299999999999918E-004
          34   2.6999999999999941E-004
          44   4.1300000000000017E-004
          56   6.0999999999999943E-004
          71   1.0739999999999986E-003
          90   2.0030000000000013E-003
         114   3.6710000000000007E-003
         145   7.4419999999999903E-003
         184   1.3656000000000001E-002
         234   2.8534000000000004E-002
         297   6.3272999999999913E-002
         377  0.11574600000000013     
         479  0.23765599999999987     
         607  0.49102099999999993     
         771  0.98852100000000220     
         978   2.0243699999999905     
        1242   3.9842239999999833     
        1576   8.5194400000000314     
        2000   16.666042000000061     
