           2   3.3000000000000043E-005
           2   1.1999999999999858E-005
           3   1.2999999999999991E-005
           4   1.4000000000000123E-005
           5   1.4000000000000123E-005
           6   2.1999999999999451E-005
           8   2.8000000000000247E-005
          10   2.7000000000000114E-005
          13   3.7999999999999839E-005
          17   8.3000000000000608E-005
          21   1.4400000000000003E-004
          27   3.3500000000000023E-004
          34   6.3199999999999975E-004
          44   1.4000000000000011E-003
          56   2.6239999999999996E-003
          71   5.0599999999999994E-003
          90   1.0597000000000001E-002
         114   2.0726999999999999E-002
         145   3.9753999999999998E-002
         184   8.1940999999999986E-002
         234  0.16717399999999999     
         297  0.34299799999999997     
         377  0.73024500000000003     
         479   1.6929190000000001     
         607   7.4560730000000000     
         771   22.136571999999997     
         978   47.570492000000002     
        1242   95.473874999999992     
        1576   204.61814300000000     
        2000   473.71728400000001     
