           2   2.3999999999999716E-005
           2   1.2999999999999991E-005
           3   1.2999999999999991E-005
           4   1.6999999999999654E-005
           5   1.7999999999999787E-005
           6   3.1000000000000645E-005
           8   4.3999999999999768E-005
          10   5.7000000000000627E-005
          13   1.0700000000000032E-004
          17   2.2199999999999998E-004
          21   5.3600000000000002E-004
          27   9.3000000000000027E-004
          34   1.7319999999999992E-003
          44   3.7079999999999995E-003
          56   7.5989999999999999E-003
          71   1.3934999999999998E-002
          90   2.8083999999999998E-002
         114   5.3598000000000000E-002
         145  0.10944800000000000     
         184  0.22430999999999998     
         234  0.46651199999999998     
         297  0.96450599999999997     
         377   1.9814320000000001     
         479   4.3033150000000004     
         607   11.499454000000000     
         771   27.541308999999998     
         978   57.812005999999997     
        1242   124.61909500000000     
        1576   246.20616899999999     
        2000   560.34422600000005     
