   1.2937922350267554     
   5.0563986534446599     
   11.214844864084931     
   19.820590971584053     
   30.880391769289492     
   44.395491152427709     
   60.365917097594199     
   78.791271423034772     
   99.670938250510531     
   123.00415338236955     
   148.79003140891953     
   177.02757763435835     
   207.71569383244969     
   240.85318124290924     
   276.43874223652608     
   314.47098129707086     
   354.94840563424310     
   397.86942558923761     
   443.23235491938829     
   491.03541101080503     
   541.27671504710338     
   593.95429215119714     
   649.06607151056926     
   706.60988649292767     
   766.58347475595190     
   828.98447835442926     
   893.81044384664733     
   961.05882240094752     
   1030.7269699038311     
   1102.8121470698959     
   1177.3115195542343     
   1254.2221580675136     
   1333.5410384940926     
   1415.2650420132532     
   1499.3909552236678     
   1585.9154702712310     
   1674.8351849804089     
   1766.1466029889386     
   1859.8461338861989     
   1955.9300933550380     
   2054.3947033171698     
   2155.2360920822712     
   2258.4502945005688     
   2364.0332521191458     
   2471.9808133417114     
   2582.2887335921346     
   2694.9526754815734     
   2809.9682089792227     
   2927.3308115864716     
   3047.0358685151809     
   3169.0786728689286     
   3293.4544258283900     
   3420.1582368400559     
   3549.1851238085947     
   3680.5300132928287     
   3814.1877407053030     
   3950.1530505153441     
   4088.4205964558596     
   4228.9849417334790     
   4371.8405592424579     
   4516.9818317820618     
   4664.4030522772609     
   4814.0984240034832     
   4966.0620608142590     
   5120.2879873729016     
   5276.7701393873958     
   5435.5023638488501     
   5596.4784192734787     
   5759.6919759480243     
   5925.1366161786837     
   6092.8058345434383     
   6262.6930381478769     
   6434.7915468844467     
   6609.0945936950575     
   6785.5953248373607     
   6964.2868001539537     
   7145.1619933456141     
   7328.2137922473212     
   7513.4349991080371     
   7700.8183308737234     
   7890.3564194737264     
   8082.0418121104403     
   8275.8669715524156     
   8471.8242764307233     
   8669.9060215386562     
   8870.1044181346806     
   9072.4115942486242     
   9276.8195949913770     
   9483.3203828675887     
   9691.9058380916849     
   9902.5677589071565     
   10115.297861909159     
   10330.087782370128     
   10546.929074568630     
   10765.813212121671     
   10986.731588319695     
   11209.675516465286     
   11434.636230214439     
   11661.604883921565     
   11890.572552987025     
   12121.530234208269     
   12354.468846133805     
   12589.379229420119     
   12826.252147192115     
   13065.078285406051     
   13305.848253216011     
   13548.552583342913     
   13793.181732447012     
   14039.726081502942     
   14288.175936178141     
   14538.521527213878     
   14790.753010809485     
   15044.860469009360     
   15300.833910093037     
   15558.663268967972     
   15818.338407565374     
   16079.849115238801     
   16343.185109165706     
   16608.336034751719     
   16875.291466037830     
   17144.040906110269     
   17414.573787513429     
   17686.879472665194     
   17960.947254275266     
   18236.766355766325     
   18514.325931697560     
   18793.615068191306     
   19074.622783362054     
   19357.338027748337     
   19641.749684747214     
   19927.846571051334     
   20215.617437088717     
   20505.050967465049     
   20796.135781408633     
   21088.860433217986     
   21383.213412711717     
   21679.183145681254     
   21976.757994345859     
   22275.926257810370     
   22576.676172525113     
   22878.995912748611     
   23182.873591012441     
   23488.297258588820     
   23795.254905960275     
   24103.734463292029     
   24413.723800906435     
   24725.210729760049     
   25038.183001922887     
   25352.628311059922     
   25668.534292915152     
   25985.888525797629     
   26304.678531069996     
   26624.891773639069     
   26946.515662448754     
   27269.537550975219     
   27593.944737723996     
   27919.724466729622     
   28246.863928057010     
   28575.350258305338     
   28905.170541113705     
   29236.311807669044     
   29568.761037216089     
   29902.505157569456     
   30237.531045627398     
   30573.825527888162     
   30911.375380967591     
   31250.167332119458     
   31590.188059757049     
   31931.424193977222     
   32273.862317085957     
   32617.488964126063     
   32962.290623406538     
   33308.253737033883     
   33655.364701445251     
   34003.609867943444     
   34352.975543233159     
   34703.447989960172     
   35055.013427250698     
   35407.658031253821     
   35761.367935684844     
   36116.129232370535     
   36471.927971796002     
   36828.750163653363     
   37186.581777391475     
   37545.408742768137     
   37905.216950402850     
   38265.992252331962     
   38627.720462564896     
   38990.387357641826     
   39353.978677192987     
   39718.480124499576     
   40083.877367055771     
   40450.156037132285     
   40817.301732341366     
   41185.300016203124     
   41554.136418713148     
   41923.796436911463     
   42294.265535452876     
   42665.529147178444     
   43037.572673688213     
   43410.381485915510     
   43783.940924701717     
   44158.236301373239     
   44533.252898318497     
   44908.975969567247     
   45285.390741369672     
   45662.482412778030     
   46040.236156228144     
   46418.637118122635     
   46797.670419415059     
   47177.321156194659     
   47557.574400272810     
   47938.415199769530     
   48319.828579701891     
   48701.799542572451     
   49084.313068959280     
   49467.354118106268     
   49850.907628514709     
   50234.958518535575     
   50619.491686962261     
   51004.492013624666     
   51389.944359983740     
   51775.833569726427     
   52162.144469362000     
   52548.861868818400     
   52935.970562039773     
   53323.455327584197     
   53711.300929222183     
   54099.492116536057     
   54488.013625519328     
   54876.850179176829     
   55265.986488125847     
   55655.407251196826     
   56045.097156035350     
   56435.040879704080     
   56825.223089285166     
   57215.628442483641     
   57606.241588229888     
   57997.047167284072     
   58388.029812839632     
   58779.174151127445     
   59170.464802020702     
   59561.886379639327     
   59953.423492955146     
   60345.060746397001     
   60736.782740456089     
   61128.574072291689     
   61520.419336336490     
   61912.303124902639     
   62304.210028787420     
   62696.124637879169     
   63088.031541763325     
   63479.915330328273     
   63871.760594371153     
   64263.551926204214     
   64655.273920260195     
   65046.911173698230     
   65438.448287009654     
   65829.869864623193     
   66221.160515510768     
   66612.304853792259     
   67003.287499340833     
   67394.093078387450     
   67784.706224125519     
   68175.111577314936     
   68565.293786886541     
   68955.237510545034     
   69344.927415372629     
   69734.348178432134     
   70123.484487368973     
   70512.321041013638     
   70900.842549983339     
   71289.033737283055     
   71676.879338906176     
   72064.364104435037     
   72451.472797640134     
   72838.190197079603     
   73224.501096697553     
   73610.390306421847     
   73995.842652761829     
   74380.842979404450     
   74765.376147810603     
   75149.427037810252     
   75532.980548196734     
   75916.021597320927     
   76298.535123684240     
   76680.506086530557     
   77061.919466437917     
   77442.760265908830     
   77823.013509960350     
   78202.664246712578     
   78581.697547976801     
   78960.098509842297     
   79337.852253262507     
   79714.943924640276     
   80091.358696411131     
   80467.081767627402     
   80842.098364539459     
   81216.393741176827     
   81589.953179928008     
   81962.761992119340     
   82334.805518592242     
   82706.069130279997     
   83076.538228782752     
   83446.198246941232     
   83815.034649410649     
   84183.032933230657     
   84550.178628397160     
   84916.457298429872     
   85281.854540941335     
   85646.355988202151     
   86009.947307706359     
   86372.614202735218     
   86734.342412918952     
   87095.117714798020     
   87454.925922381270     
   87813.752887705268     
   88171.584501389691     
   88528.406693192082     
   88884.205432561314     
   89238.966729189546     
   89592.676633561743     
   89945.321237504817     
   90296.886674733876     
   90647.359121398113     
   90996.724796623705     
   91344.969963056254     
   91692.080927400588     
   92038.044040959445     
   92382.845700169826     
   92726.472347138362     
   93068.910470173912     
   93410.146604319350     
   93750.167331880628     
   94088.959282954311     
   94426.509135954024     
   94762.803618133185     
   95097.829506107810     
   95431.573626376048     
   95764.022855836025     
   96095.164122302405     
   96424.984405019743     
   96753.470735175142     
   97080.610196407550     
   97406.389925316122     
   97730.797111965570     
   98053.819000390562     
   98375.442889096492     
   98695.656131559517     
   99014.446136723433     
   99331.800369495075     
   99647.706351236935     
   99962.151660257994     
   100275.12393230223     
   100586.61086103455     
   100896.60019852495     
   101205.07975572979     
   101512.03740297134     
   101817.46107041492     
   102121.33874854287     
   102423.65848862732     
   102724.40840319962     
   103023.57666651842     
   103321.15151503387     
   103617.12124785074     
   103911.47422718810     
   104204.19887883739     
   104495.28369261698     
   104784.71722282532     
   105072.48808869065     
   105358.58497481851     
   105642.99663163675     
   105925.71187583798     
   106206.71959081895     
   106486.00872711821     
   106763.56830285001     
   107039.38740413661     
   107313.45518553699     
   107585.76087047355     
   107856.29375165601     
   108125.04319150203     
   108391.99862255569     
   108657.14954790314     
   108920.48554158508     
   109181.99624900693     
   109441.67138734601     
   109699.50074595555     
   109955.47418676649     
   110209.58164468617     
   110461.81312799366     
   110712.15871873326     
   110960.60857310382     
   111207.15292184651     
   111451.78207062827     
   111694.48640042344     
   111935.25636789197     
   112174.08250575440     
   112410.95542316428     
   112645.86580607767     
   112878.80441761889     
   113109.76209844410     
   113338.72976710121     
   113565.69842038717     
   113790.65913370186     
   114013.60306139916     
   114234.52143713454     
   114453.40557420983     
   114670.24686591490     
   114885.03678586596     
   115097.76688834102     
   115308.42880861174     
   115517.01426327234     
   115723.51505056558     
   115927.92305070497     
   116130.23022619417     
   116330.42862214305     
   116528.51036658039     
   116724.46767076357     
   116918.29282948461     
   117109.97822137330     
   117299.51630919684     
   117486.89964015628     
   117672.12084617933     
   117855.17264421030     
   118036.04783649642     
   118214.73931087082     
   118391.24004103232     
   118565.54308682133     
   118737.64159449331     
   118907.52879698762     
   119075.19801419415     
   119240.64265321569     
   119403.85620862717     
   119564.83226273159     
   119723.56448581214     
   119880.04663638138     
   120034.27256142625     
   120186.23619665053     
   120335.93156671259     
   120483.35278546099     
   120628.49405616542     
   120771.34967174503     
   120911.91401499242     
   121050.18155879471     
   121186.14686635081     
   121319.80459138515     
   121451.14947835771     
   121580.17636267080     
   121706.88017087223     
   121831.25592085435     
   121953.29872205014     
   122073.00377562540     
   122190.36637466722     
   122305.38190436937     
   122418.04584221287     
   122528.35375814440     
   122636.30131475018     
   122741.88426742591     
   122845.09846454386     
   122945.93984761595     
   123044.40445145260     
   123140.48840431863     
   123234.18792808475     
   123325.49933837600     
   123414.41904471566     
   123500.94355066599     
   123585.06945396458     
   123666.79344665702     
   123746.11231522591     
   123823.02294071537     
   123897.52229885182     
   123969.60746016006     
   124039.27559007576     
   124106.52394905259     
   124171.34989266499     
   124233.75087170575     
   124293.72443227758     
   124351.26821587881     
   124406.37995948101     
   124459.05749559886     
   124509.29875234827     
   124557.10175349152     
   124602.46461846297     
   124645.38556237073     
   124685.86289596048     
   124723.89502552492     
   124759.48045272997     
   124792.61777430357     
   124823.30568149913     
   124851.54295916454     
   124877.32848409194     
   124900.66122198704     
   124921.54022161735     
   124939.96460275759     
   124955.93352920434     
   124969.44614146327     
   124980.50136257432     
   124989.09720931531     
   124995.22741259237     
   124998.83743846932     
