   0.00000000       1.05667126    
   1.75000001E-02   1.02694201    
   5.25000021E-02  0.977631629    
   8.75000060E-02  0.950475216    
  0.122500002      0.907739580    
  0.157499999      0.867147923    
  0.192499995      0.846137345    
  0.227500007      0.804259300    
  0.262499988      0.761809528    
  0.297500014      0.751232803    
  0.332499981      0.708068311    
  0.367500007      0.676052332    
  0.402500004      0.664189219    
  0.437500000      0.625884354    
  0.472500026      0.609876394    
  0.507499993      0.583434582    
  0.542500019      0.574287176    
  0.577499986      0.538412094    
  0.612500012      0.518830836    
  0.647500038      0.499392569    
  0.682500005      0.489101708    
  0.717499971      0.464517981    
  0.752499998      0.449796349    
  0.787500024      0.435789317    
  0.822499990      0.409633398    
  0.857500017      0.398913741    
  0.892500043      0.381333530    
  0.927500010      0.365611374    
  0.962499976      0.361037672    
  0.997500002      0.328878731    
   1.03250003      0.320017159    
   1.06750000      0.314014167    
   1.10249996      0.309869230    
   1.13750005      0.286000133    
   1.17250001      0.276995659    
   1.20749998      0.268848717    
   1.24250007      0.258557856    
   1.27749991      0.250553846    
   1.31250000      0.254555881    
   1.34750009      0.227256492    
   1.38249993      0.216250986    
   1.41750002      0.218251988    
   1.45250010      0.211820200    
   1.48749995      0.199385405    
   1.52250004      0.189237475    
   1.55750000      0.180804685    
   1.59249997      0.178517833    
   1.62750006      0.177946121    
   1.66250002      0.163939118    
   1.69749999      0.166368902    
   1.73250008      0.154934615    
   1.76749992      0.156220973    
   1.80250001      0.146930605    
   1.83750010      0.138211966    
   1.87249994      0.137926102    
   1.90750003      0.127063528    
   1.94250000      0.122918598    
   1.97749996      0.121060528    
   2.01250005      0.116629750    
   2.04750013      0.119059533    
   2.08249998      0.107196458    
   2.11749983      0.106053025    
   2.15250015       9.99070928E-02
   2.18750000      0.100192957    
   2.22249985       9.40470248E-02
   2.25750017       8.87586623E-02
   2.29250002       8.67576674E-02
   2.32749987       8.43278766E-02
   2.36250019       8.01829472E-02
   2.39750004       8.08975920E-02
   2.43249989       7.48945922E-02
   2.46749997       7.30365142E-02
   2.50250006       6.86057284E-02
   2.53749990       7.21789524E-02
   2.57249999       6.96062297E-02
   2.60750008       6.41749427E-02
   2.64249992       5.73143773E-02
   2.67750001       5.93153760E-02
   2.71250010       5.47416583E-02
   2.74749994       5.57421558E-02
   2.78250003       5.20260148E-02
   2.81750011       5.40270172E-02
   2.85249996       4.75952253E-02
   2.88750005       4.94532995E-02
   2.92250013       4.87386584E-02
   2.95749998       4.35932279E-02
   2.99249983       4.44507971E-02
   3.02750015       4.47366536E-02
   3.06250000       4.05917242E-02
   3.09749985       3.81619409E-02
   3.13250017       4.14492972E-02
   3.16750002       3.73043679E-02
   3.20249987       3.71614397E-02
   3.23750019       3.10155097E-02
   3.27250004       3.24447937E-02
   3.30749989       3.13013643E-02
   3.34250021       3.18730809E-02
   3.37750006       3.20160091E-02
   3.41249990       2.55842209E-02
   3.44749999       3.07296496E-02
