   0.00000000       1.13485312    
   1.75000001E-02   1.08497107    
   5.25000021E-02   1.03551781    
   8.75000060E-02  0.998356402    
  0.122500002      0.949617684    
  0.157499999      0.916172445    
  0.192499995      0.882584155    
  0.227500007      0.799971461    
  0.262499988      0.805259824    
  0.297500014      0.760809004    
  0.332499981      0.718359232    
  0.367500007      0.687629580    
  0.402500004      0.673622549    
  0.437500000      0.633173764    
  0.472500026      0.606589019    
  0.507499993      0.585435569    
  0.542500019      0.571857393    
  0.577499986      0.544700921    
  0.612500012      0.532409072    
  0.647500038      0.502536952    
  0.682500005      0.486386091    
  0.717499971      0.441649407    
  0.752499998      0.442792833    
  0.787500024      0.420638919    
  0.822499990      0.400343031    
  0.857500017      0.388051152    
  0.892500043      0.359894246    
  0.927500010      0.338597894    
  0.962499976      0.341313511    
  0.997500002      0.310298026    
   1.03250003      0.320017159    
   1.06750000      0.305295527    
   1.10249996      0.289430439    
   1.13750005      0.274422914    
   1.17250001      0.266561866    
   1.20749998      0.249553367    
   1.24250007      0.253126591    
   1.27749991      0.235975131    
   1.31250000      0.227399409    
   1.34750009      0.217394426    
   1.38249993      0.215679273    
   1.41750002      0.198956624    
   1.45250010      0.195526347    
   1.48749995      0.183663264    
   1.52250004      0.179375395    
   1.55750000      0.175516337    
   1.59249997      0.170942619    
   1.62750006      0.152933612    
   1.66250002      0.158079043    
   1.69749999      0.150789678    
   1.73250008      0.136639744    
   1.76749992      0.141785190    
   1.80250001      0.134209961    
   1.83750010      0.124204971    
   1.87249994      0.119631246    
   1.90750003      0.125491321    
   1.94250000      0.111770175    
   1.97749996      0.114057027    
   2.01250005       9.83348861E-02
   2.04750013      0.105767168    
   2.08249998       9.49045941E-02
   2.11749983       9.20460299E-02
   2.15250015       9.23318863E-02
   2.18750000       8.59000981E-02
   2.22249985       7.77531639E-02
   2.25750017       8.17551687E-02
   2.29250002       7.83248767E-02
   2.32749987       7.98970908E-02
   2.36250019       7.07496628E-02
   2.39750004       6.71764463E-02
   2.43249989       6.48895875E-02
   2.46749997       6.38890862E-02
   2.50250006       6.08875863E-02
   2.53749990       6.76052272E-02
   2.57249999       6.01729453E-02
   2.60750008       5.94583005E-02
   2.64249992       5.38840853E-02
   2.67750001       5.20260148E-02
   2.71250010       5.60280122E-02
   2.74749994       5.13113700E-02
   2.78250003       4.88815866E-02
   2.81750011       4.64517996E-02
   2.85249996       4.97391559E-02
   2.88750005       4.50225100E-02
   2.92250013       3.78760807E-02
   2.95749998       4.45937254E-02
   2.99249983       3.61609384E-02
   3.02750015       3.68755795E-02
   3.06250000       4.05917242E-02
   3.09749985       3.81619409E-02
   3.13250017       3.33023667E-02
   3.16750002       3.34452949E-02
   3.20249987       3.48745808E-02
   3.23750019       3.05867214E-02
   3.27250004       2.75852215E-02
   3.30749989       3.01579367E-02
   3.34250021       2.70135086E-02
   3.37750006       2.93003656E-02
   3.41249990       2.91574374E-02
   3.44749999       2.57271510E-02
