   0.00000000       1.84106338    
   1.75000001E-02   1.72343314    
   5.25000021E-02   1.58136225    
   8.75000060E-02   1.47873938    
  0.122500002       1.33238053    
  0.157499999       1.27478027    
  0.192499995       1.18745089    
  0.227500007       1.06753373    
  0.262499988       1.00907600    
  0.297500014      0.965625703    
  0.332499981      0.860430241    
  0.367500007      0.793539643    
  0.402500004      0.752233267    
  0.437500000      0.720503092    
  0.472500026      0.643893361    
  0.507499993      0.611019850    
  0.542500019      0.560566008    
  0.577499986      0.515400589    
  0.612500012      0.484385073    
  0.647500038      0.458372056    
  0.682500005      0.439791322    
  0.717499971      0.404916763    
  0.752499998      0.374330044    
  0.787500024      0.350603878    
  0.822499990      0.338312030    
  0.857500017      0.312727779    
  0.892500043      0.288144082    
  0.927500010      0.267991155    
  0.962499976      0.246123061    
  0.997500002      0.231258482    
   1.03250003      0.222111061    
   1.06750000      0.213821203    
   1.10249996      0.201815203    
   1.13750005      0.184234977    
   1.17250001      0.180947617    
   1.20749998      0.162223980    
   1.24250007      0.148788676    
   1.27749991      0.154077053    
   1.31250000      0.137640253    
   1.34750009      0.131923109    
   1.38249993      0.132351905    
   1.41750002      0.116915599    
   1.45250010      0.110483810    
   1.48749995      0.110483810    
   1.52250004      0.100764669    
   1.55750000       9.06167403E-02
   1.59249997       9.24748108E-02
   1.62750006       8.34703073E-02
   1.66250002       8.17551687E-02
   1.69749999       7.78960958E-02
   1.73250008       7.38940910E-02
   1.76749992       7.18930960E-02
   1.80250001       6.23168759E-02
   1.83750010       6.50325194E-02
   1.87249994       6.41749427E-02
   1.90750003       5.97441569E-02
   1.94250000       6.01729453E-02
   1.97749996       5.77431582E-02
   2.01250005       5.03108688E-02
   2.04750013       4.78810854E-02
   2.08249998       4.81669419E-02
   2.11749983       4.21639383E-02
   2.15250015       4.48795818E-02
   2.18750000       4.07346562E-02
   2.22249985       4.17351536E-02
   2.25750017       3.70185077E-02
   2.29250002       3.50175090E-02
   2.32749987       3.44457962E-02
   2.36250019       3.33023667E-02
   2.39750004       3.28735821E-02
   2.43249989       2.80140061E-02
   2.46749997       3.17301527E-02
   2.50250006       2.94432938E-02
   2.53749990       2.98720784E-02
   2.57249999       2.94432938E-02
   2.60750008       2.54412927E-02
   2.64249992       2.71564368E-02
   2.67750001       2.58700792E-02
   2.71250010       2.45837215E-02
   2.74749994       2.42978632E-02
   2.78250003       2.31544357E-02
   2.81750011       2.12963633E-02
   2.85249996       2.12963633E-02
   2.88750005       2.02958621E-02
   2.92250013       1.84377898E-02
   2.95749998       2.11534332E-02
   2.99249983       2.04387922E-02
   3.02750015       1.84377898E-02
   3.06250000       1.57221463E-02
   3.09749985       1.92953628E-02
   3.13250017       1.91524345E-02
   3.16750002       1.84377898E-02
   3.20249987       1.67226475E-02
   3.23750019       1.42928613E-02
   3.27250004       1.81519333E-02
   3.30749989       1.61509328E-02
   3.34250021       1.64367910E-02
   3.37750006       1.21489316E-02
   3.41249990       1.32923611E-02
   3.44749999       1.35782184E-02
