   0.00000000       1.14342885E-03
   1.75000001E-02   7.86107313E-03
   5.25000021E-02   1.92953628E-02
   8.75000060E-02   4.51654419E-02
  0.122500002       6.80340156E-02
  0.157499999      0.104194961    
  0.192499995      0.133638263    
  0.227500007      0.181519330    
  0.262499988      0.215679273    
  0.297500014      0.266276002    
  0.332499981      0.339026660    
  0.367500007      0.383334517    
  0.402500004      0.426498979    
  0.437500000      0.473236620    
  0.472500026      0.524119258    
  0.507499993      0.569427609    
  0.542500019      0.609590530    
  0.577499986      0.651754498    
  0.612500012      0.696919918    
  0.647500038      0.725219786    
  0.682500005      0.733795464    
  0.717499971      0.753519595    
  0.752499998      0.775387704    
  0.787500024      0.796255291    
  0.822499990      0.817980468    
  0.857500017      0.793110847    
  0.892500043      0.775244772    
  0.927500010      0.775816500    
  0.962499976      0.771528661    
  0.997500002      0.773958445    
   1.03250003      0.735796511    
   1.06750000      0.715929449    
   1.10249996      0.688772976    
   1.13750005      0.662902892    
   1.17250001      0.630886912    
   1.20749998      0.580147207    
   1.24250007      0.566140234    
   1.27749991      0.531551480    
   1.31250000      0.505109727    
   1.34750009      0.476381063    
   1.38249993      0.435932279    
   1.41750002      0.391910255    
   1.45250010      0.374472976    
   1.48749995      0.352890730    
   1.52250004      0.309440434    
   1.55750000      0.289573371    
   1.59249997      0.261845231    
   1.62750006      0.228399917    
   1.66250002      0.211534336    
   1.69749999      0.189523339    
   1.73250008      0.169799194    
   1.76749992      0.144214973    
   1.80250001      0.133066550    
   1.83750010      0.118201956    
   1.87249994      0.105910100    
   1.90750003       9.36182439E-02
   1.94250000       8.21839571E-02
   1.97749996       6.64618090E-02
   2.01250005       6.14592992E-02
   2.04750013       5.28835841E-02
   2.08249998       4.43078689E-02
   2.11749983       4.03058678E-02
   2.15250015       3.80190127E-02
   2.18750000       3.04437932E-02
   2.22249985       2.85857227E-02
   2.25750017       2.77281497E-02
   2.29250002       1.77231487E-02
   2.32749987       2.07246486E-02
   2.36250019       1.85807198E-02
   2.39750004       1.38640748E-02
   2.43249989       1.40070030E-02
   2.46749997       1.07196458E-02
   2.50250006       1.02908602E-02
   2.53749990       8.14693142E-03
   2.57249999       5.43128746E-03
   2.60750008       8.14693142E-03
   2.64249992       5.71714435E-03
   2.67750001       6.28885860E-03
   2.71250010       5.00250142E-03
   2.74749994       4.85957274E-03
   2.78250003       4.14492982E-03
   2.81750011       4.00200114E-03
   2.85249996       4.57371539E-03
   2.88750005       5.14543010E-03
   2.92250013       2.42978637E-03
   2.95749998       3.57321533E-03
   2.99249983       3.85907269E-03
   3.02750015       2.42978637E-03
   3.06250000       3.57321533E-03
   3.09749985       3.00150085E-03
   3.13250017       2.71564373E-03
   3.16750002       2.57271505E-03
   3.20249987       2.28685769E-03
   3.23750019       1.42928609E-03
   3.27250004       2.42978637E-03
   3.30749989       1.42928609E-03
   3.34250021       1.85807189E-03
   3.37750006       1.71514344E-03
   3.41249990       1.71514344E-03
   3.44749999       2.14392901E-03
