   0.00000000       1.28635752E-03
   1.75000001E-02   7.71814538E-03
   5.25000021E-02   2.04387922E-02
   8.75000060E-02   4.43078689E-02
  0.122500002       6.73193708E-02
  0.157499999      0.103909105    
  0.192499995      0.135925099    
  0.227500007      0.182948619    
  0.262499988      0.219252497    
  0.297500014      0.265561372    
  0.332499981      0.334452927    
  0.367500007      0.388194114    
  0.402500004      0.427213639    
  0.437500000      0.472950757    
  0.472500026      0.531837344    
  0.507499993      0.573000789    
  0.542500019      0.608161271    
  0.577499986      0.655041814    
  0.612500012      0.701207757    
  0.647500038      0.726363242    
  0.682500005      0.749231756    
  0.717499971      0.748517156    
  0.752499998      0.781962454    
  0.787500024      0.791395724    
  0.822499990      0.823411703    
  0.857500017      0.780676067    
  0.892500043      0.788251281    
  0.927500010      0.795397758    
  0.962499976      0.786107361    
  0.997500002      0.770385265    
   1.03250003      0.742657065    
   1.06750000      0.732509136    
   1.10249996      0.687057853    
   1.13750005      0.662474096    
   1.17250001      0.621453643    
   1.20749998      0.591152728    
   1.24250007      0.557850361    
   1.27749991      0.531551480    
   1.31250000      0.513828397    
   1.34750009      0.485099673    
   1.38249993      0.435789317    
   1.41750002      0.393196613    
   1.45250010      0.371328533    
   1.48749995      0.348031163    
   1.52250004      0.316729784    
   1.55750000      0.294004172    
   1.59249997      0.259558350    
   1.62750006      0.237547368    
   1.66250002      0.204673767    
   1.69749999      0.189952120    
   1.73250008      0.161223471    
   1.76749992      0.150360897    
   1.80250001      0.131637260    
   1.83750010      0.120202959    
   1.87249994      0.104480818    
   1.90750003       9.54763070E-02
   1.94250000       7.57521614E-02
   1.97749996       6.81769475E-02
   2.01250005       6.04588017E-02
   2.04750013       5.30265123E-02
   2.08249998       4.14492972E-02
   2.11749983       4.03058678E-02
   2.15250015       3.25877257E-02
   2.18750000       3.05867214E-02
   2.22249985       2.64417920E-02
   2.25750017       2.20110063E-02
   2.29250002       1.85807198E-02
   2.32749987       1.84377898E-02
   2.36250019       1.31494319E-02
   2.39750004       1.17201461E-02
   2.43249989       1.01479311E-02
   2.46749997       9.57621727E-03
   2.50250006       7.00350152E-03
   2.53749990       4.43078717E-03
   2.57249999       6.43178774E-03
   2.60750008       5.28835831E-03
   2.64249992       4.14492982E-03
   2.67750001       3.85907269E-03
   2.71250010       3.71614378E-03
   2.74749994       3.71614378E-03
   2.78250003       3.57321533E-03
   2.81750011       1.57221465E-03
   2.85249996       2.14392901E-03
   2.88750005       2.57271505E-03
   2.92250013       2.42978637E-03
   2.95749998       2.28685769E-03
   2.99249983       1.71514344E-03
   3.02750015       1.57221465E-03
   3.06250000       1.71514344E-03
   3.09749985       1.71514344E-03
   3.13250017       2.00100057E-03
   3.16750002       1.42928609E-03
   3.20249987       1.28635752E-03
   3.23750019       7.14643043E-04
   3.27250004       5.71714423E-04
   3.30749989       1.85807189E-03
   3.34250021       7.14643043E-04
   3.37750006       1.00050028E-03
   3.41249990       8.57571722E-04
   3.44749999       1.00050028E-03
