   0.00000000      0.951047003    
   1.75000001E-02  0.927606642    
   5.25000021E-02  0.901879549    
   8.75000060E-02  0.856571138    
  0.122500002      0.857142866    
  0.157499999      0.816551149    
  0.192499995      0.778960884    
  0.227500007      0.771671593    
  0.262499988      0.727363706    
  0.297500014      0.720217288    
  0.332499981      0.684628069    
  0.367500007      0.653612554    
  0.402500004      0.641320705    
  0.437500000      0.622597039    
  0.472500026      0.610591054    
  0.507499993      0.580433130    
  0.542500019      0.559851348    
  0.577499986      0.551704407    
  0.612500012      0.518116176    
  0.647500038      0.496962756    
  0.682500005      0.505252659    
  0.717499971      0.476381063    
  0.752499998      0.461802363    
  0.787500024      0.434360027    
  0.822499990      0.419352531    
  0.857500017      0.412777841    
  0.892500043      0.411062688    
  0.927500010      0.390623897    
  0.962499976      0.363324523    
  0.997500002      0.349317521    
   1.03250003      0.351032674    
   1.06750000      0.341170609    
   1.10249996      0.330736816    
   1.13750005      0.318302035    
   1.17250001      0.299292505    
   1.20749998      0.291145593    
   1.24250007      0.272136062    
   1.27749991      0.274708778    
   1.31250000      0.266418934    
   1.34750009      0.257414430    
   1.38249993      0.242121056    
   1.41750002      0.242692783    
   1.45250010      0.230972633    
   1.48749995      0.216679782    
   1.52250004      0.211391404    
   1.55750000      0.201958120    
   1.59249997      0.208675772    
   1.62750006      0.194954634    
   1.66250002      0.182376906    
   1.69749999      0.173086554    
   1.73250008      0.184520841    
   1.76749992      0.161509335    
   1.80250001      0.162081048    
   1.83750010      0.161938116    
   1.87249994      0.152076051    
   1.90750003      0.142642751    
   1.94250000      0.143786192    
   1.97749996      0.138926610    
   2.01250005      0.134638742    
   2.04750013      0.128064036    
   2.08249998      0.122775681    
   2.11749983      0.120060042    
   2.15250015      0.115772173    
   2.18750000      0.111913107    
   2.22249985      0.102622740    
   2.25750017      0.102479815    
   2.29250002       9.83348861E-02
   2.32749987       9.46187377E-02
   2.36250019       9.61909518E-02
   2.39750004       8.99020955E-02
   2.43249989       8.53283778E-02
   2.46749997       8.20410252E-02
   2.50250006       7.84678012E-02
   2.53749990       7.71814510E-02
   2.57249999       8.26127380E-02
   2.60750008       6.78910911E-02
   2.64249992       6.86057284E-02
   2.67750001       7.21789524E-02
   2.71250010       6.24598004E-02
   2.74749994       5.87436557E-02
   2.78250003       6.10305183E-02
   2.81750011       5.70285134E-02
   2.85249996       5.71714453E-02
   2.88750005       5.08825853E-02
   2.92250013       4.80240136E-02
   2.95749998       5.55992275E-02
   2.99249983       5.21689430E-02
   3.02750015       4.91674431E-02
   3.06250000       4.67376560E-02
   3.09749985       4.38790843E-02
   3.13250017       4.15922254E-02
   3.16750002       4.05917242E-02
   3.20249987       4.30215113E-02
   3.23750019       3.24447937E-02
   3.27250004       3.53033692E-02
   3.30749989       2.85857227E-02
   3.34250021       3.43028642E-02
   3.37750006       3.25877257E-02
   3.41249990       2.97291502E-02
   3.44749999       2.84427945E-02
