   0.00000000       1.42928609E-03
   1.75000001E-02   6.28885860E-03
   5.25000021E-02   1.72943622E-02
   8.75000060E-02   4.05917242E-02
  0.122500002       6.30315170E-02
  0.157499999       9.27606672E-02
  0.192499995      0.122203954    
  0.227500007      0.162366897    
  0.262499988      0.197813198    
  0.297500014      0.247981131    
  0.332499981      0.296005160    
  0.367500007      0.348031163    
  0.402500004      0.370756835    
  0.437500000      0.438219130    
  0.472500026      0.483241618    
  0.507499993      0.508540034    
  0.542500019      0.550561011    
  0.577499986      0.582862854    
  0.612500012      0.631172717    
  0.647500038      0.640463114    
  0.682500005      0.653326690    
  0.717499971      0.679053843    
  0.752499998      0.691631556    
  0.787500024      0.709640563    
  0.822499990      0.712356150    
  0.857500017      0.686200261    
  0.892500043      0.711498618    
  0.927500010      0.712642074    
  0.962499976      0.695347667    
  0.997500002      0.694347203    
   1.03250003      0.654755950    
   1.06750000      0.641177773    
   1.10249996      0.606874883    
   1.13750005      0.596155226    
   1.17250001      0.550132215    
   1.20749998      0.527549505    
   1.24250007      0.522118211    
   1.27749991      0.502251148    
   1.31250000      0.467662394    
   1.34750009      0.428928763    
   1.38249993      0.406346053    
   1.41750002      0.393482447    
   1.45250010      0.359465450    
   1.48749995      0.340598881    
   1.52250004      0.320874751    
   1.55750000      0.288572878    
   1.59249997      0.265132576    
   1.62750006      0.240120083    
   1.66250002      0.236546859    
   1.69749999      0.206817701    
   1.73250008      0.186378911    
   1.76749992      0.184520841    
   1.80250001      0.165368408    
   1.83750010      0.159794182    
   1.87249994      0.139498323    
   1.90750003      0.128492817    
   1.94250000      0.115486316    
   1.97749996      0.111198455    
   2.01250005      0.101479314    
   2.04750013      0.100050025    
   2.08249998       8.46137330E-02
   2.11749983       8.87586623E-02
   2.15250015       7.88965896E-02
   2.18750000       7.68955946E-02
   2.22249985       6.67476654E-02
   2.25750017       6.21739440E-02
   2.29250002       6.16022311E-02
   2.32749987       5.80290183E-02
   2.36250019       5.35982288E-02
   2.39750004       5.34553006E-02
   2.43249989       5.07396571E-02
   2.46749997       4.30215113E-02
   2.50250006       4.74522971E-02
   2.53749990       4.34502997E-02
   2.57249999       4.15922254E-02
   2.60750008       3.54462974E-02
   2.64249992       3.64467949E-02
   2.67750001       4.37361561E-02
   2.71250010       3.23018655E-02
   2.74749994       3.14442925E-02
   2.78250003       3.18730809E-02
   2.81750011       2.91574374E-02
   2.85249996       2.74422951E-02
   2.88750005       2.72993650E-02
   2.92250013       2.24397909E-02
   2.95749998       2.45837215E-02
   2.99249983       2.58700792E-02
   3.02750015       2.61559356E-02
   3.06250000       2.21539345E-02
   3.09749985       2.35832203E-02
   3.13250017       2.18680780E-02
   3.16750002       2.44407933E-02
   3.20249987       2.41549350E-02
   3.23750019       2.20110063E-02
   3.27250004       1.98670775E-02
   3.30749989       2.02958621E-02
   3.34250021       1.92953628E-02
   3.37750006       1.62938628E-02
   3.41249990       1.50075052E-02
   3.44749999       1.68655757E-02
