   0.00000000      0.968198359    
   1.75000001E-02  0.953047931    
   5.25000021E-02  0.908597231    
   8.75000060E-02  0.885871530    
  0.122500002      0.864575148    
  0.157499999      0.822697103    
  0.192499995      0.795254767    
  0.227500007      0.772529125    
  0.262499988      0.739655554    
  0.297500014      0.722075343    
  0.332499981      0.703780532    
  0.367500007      0.651754498    
  0.402500004      0.641177773    
  0.437500000      0.621453643    
  0.472500026      0.599156737    
  0.507499993      0.580718935    
  0.542500019      0.562709928    
  0.577499986      0.558707952    
  0.612500012      0.517258644    
  0.647500038      0.495533466    
  0.682500005      0.504109204    
  0.717499971      0.481955290    
  0.752499998      0.450796843    
  0.787500024      0.440505981    
  0.822499990      0.422068179    
  0.857500017      0.412349045    
  0.892500043      0.402915776    
  0.927500010      0.380190104    
  0.962499976      0.365897238    
  0.997500002      0.348888725    
   1.03250003      0.339026660    
   1.06750000      0.348745823    
   1.10249996      0.325448424    
   1.13750005      0.302722812    
   1.17250001      0.287286520    
   1.20749998      0.291431427    
   1.24250007      0.274994642    
   1.27749991      0.259558350    
   1.31250000      0.256985635    
   1.34750009      0.255270511    
   1.38249993      0.242264003    
   1.41750002      0.236689776    
   1.45250010      0.217680275    
   1.48749995      0.215965137    
   1.52250004      0.219252497    
   1.55750000      0.195955127    
   1.59249997      0.193382412    
   1.62750006      0.193954125    
   1.66250002      0.182805687    
   1.69749999      0.175373405    
   1.73250008      0.176230982    
   1.76749992      0.163653269    
   1.80250001      0.160937622    
   1.83750010      0.151790187    
   1.87249994      0.147073537    
   1.90750003      0.144214973    
   1.94250000      0.139498323    
   1.97749996      0.132494822    
   2.01250005      0.116915599    
   2.04750013      0.129636258    
   2.08249998      0.125491321    
   2.11749983      0.112770669    
   2.15250015      0.115629241    
   2.18750000      0.112913601    
   2.22249985       9.86207426E-02
   2.25750017      0.102336884    
   2.29250002       9.90495309E-02
   2.32749987       9.61909518E-02
   2.36250019       9.20460299E-02
   2.39750004       8.46137330E-02
   2.43249989       7.68955946E-02
   2.46749997       7.71814510E-02
   2.50250006       8.27556700E-02
   2.53749990       7.18930960E-02
   2.57249999       7.63238817E-02
   2.60750008       7.48945922E-02
   2.64249992       6.93203732E-02
   2.67750001       6.20310195E-02
   2.71250010       6.90345168E-02
   2.74749994       6.16022311E-02
   2.78250003       5.86007312E-02
   2.81750011       5.84577993E-02
   2.85249996       5.57421558E-02
   2.88750005       5.31694442E-02
   2.92250013       4.84527983E-02
   2.95749998       4.58800830E-02
   2.99249983       4.98820841E-02
   3.02750015       4.54512984E-02
   3.06250000       4.53083701E-02
   3.09749985       4.40220125E-02
   3.13250017       4.14492972E-02
   3.16750002       4.05917242E-02
   3.20249987       4.01629396E-02
   3.23750019       3.97341549E-02
   3.27250004       3.50175090E-02
   3.30749989       3.14442925E-02
   3.34250021       3.34452949E-02
   3.37750006       2.81569380E-02
   3.41249990       3.14442925E-02
   3.44749999       3.13013643E-02
