   0.00000000       1.14342885E-03
   1.75000001E-02   7.57521624E-03
   5.25000021E-02   1.78660769E-02
   8.75000060E-02   4.37361561E-02
  0.122500002       6.84628040E-02
  0.157499999       9.81919616E-02
  0.192499995      0.130350903    
  0.227500007      0.170227975    
  0.262499988      0.210247979    
  0.297500014      0.265990138    
  0.332499981      0.311584383    
  0.367500007      0.370185107    
  0.402500004      0.406060189    
  0.437500000      0.459372580    
  0.472500026      0.505681455    
  0.507499993      0.548274159    
  0.542500019      0.590581000    
  0.577499986      0.622168243    
  0.612500012      0.662902892    
  0.647500038      0.689344704    
  0.682500005      0.705924392    
  0.717499971      0.722361207    
  0.752499998      0.738226295    
  0.787500024      0.755520642    
  0.822499990      0.763095856    
  0.857500017      0.752090335    
  0.892500043      0.740084350    
  0.927500010      0.754234314    
  0.962499976      0.731365681    
  0.997500002      0.743943453    
   1.03250003      0.701064825    
   1.06750000      0.689773440    
   1.10249996      0.650468111    
   1.13750005      0.630458117    
   1.17250001      0.605445623    
   1.20749998      0.561280668    
   1.24250007      0.529836357    
   1.27749991      0.517401576    
   1.31250000      0.494961768    
   1.34750009      0.456085205    
   1.38249993      0.414064169    
   1.41750002      0.392481983    
   1.45250010      0.355749309    
   1.48749995      0.341599375    
   1.52250004      0.311727315    
   1.55750000      0.294575870    
   1.59249997      0.258271992    
   1.62750006      0.236689776    
   1.66250002      0.209104568    
   1.69749999      0.201529339    
   1.73250008      0.173944116    
   1.76749992      0.156792685    
   1.80250001      0.147645250    
   1.83750010      0.141070545    
   1.87249994      0.120917603    
   1.90750003      0.102193959    
   1.94250000      0.100764669    
   1.97749996       8.50425214E-02
   2.01250005       7.87536651E-02
   2.04750013       6.66047335E-02
   2.08249998       6.41749427E-02
   2.11749983       5.78860864E-02
   2.15250015       5.47416583E-02
   2.18750000       4.81669419E-02
   2.22249985       4.43078689E-02
   2.25750017       3.98770832E-02
   2.29250002       3.85907255E-02
   2.32749987       3.58750820E-02
   2.36250019       3.80190127E-02
   2.39750004       3.53033692E-02
   2.43249989       3.18730809E-02
   2.46749997       2.81569380E-02
   2.50250006       2.52983645E-02
   2.53749990       2.32973639E-02
   2.57249999       2.57271510E-02
   2.60750008       1.97241474E-02
   2.64249992       2.20110063E-02
   2.67750001       2.01529339E-02
   2.71250010       2.02958621E-02
   2.74749994       1.61509328E-02
   2.78250003       1.80090051E-02
   2.81750011       1.42928613E-02
   2.85249996       1.44357895E-02
   2.88750005       1.61509328E-02
   2.92250013       1.41499331E-02
   2.95749998       1.42928613E-02
   2.99249983       1.11484313E-02
   3.02750015       1.34352893E-02
   3.06250000       1.11484313E-02
   3.09749985       9.86207370E-03
   3.13250017       1.11484313E-02
   3.16750002       1.04337884E-02
   3.20249987       1.18630743E-02
   3.23750019       1.27206463E-02
   3.27250004       8.43278784E-03
   3.30749989       7.71814538E-03
   3.34250021       1.02908602E-02
   3.37750006       8.28985963E-03
   3.41249990       7.43228756E-03
   3.44749999       7.28935935E-03
