   0.00000000       2.00100057E-03
   1.75000001E-02   1.14342887E-02
   5.25000021E-02   2.52983645E-02
   8.75000060E-02   6.30315170E-02
  0.122500002       9.17601660E-02
  0.157499999      0.139355391    
  0.192499995      0.182376906    
  0.227500007      0.240548864    
  0.262499988      0.300293028    
  0.297500014      0.368612885    
  0.332499981      0.424783826    
  0.367500007      0.485814363    
  0.402500004      0.537554502    
  0.437500000      0.599585533    
  0.472500026      0.659901381    
  0.507499993      0.687629580    
  0.542500019      0.730365217    
  0.577499986      0.752804995    
  0.612500012      0.791252792    
  0.647500038      0.817980468    
  0.682500005      0.805974424    
  0.717499971      0.821124852    
  0.752499998      0.826556146    
  0.787500024      0.820553124    
  0.822499990      0.811691582    
  0.857500017      0.802401245    
  0.892500043      0.773672581    
  0.927500010      0.752947927    
  0.962499976      0.722932935    
  0.997500002      0.698777974    
   1.03250003      0.644322157    
   1.06750000      0.622311175    
   1.10249996      0.585864365    
   1.13750005      0.544700921    
   1.17250001      0.506396055    
   1.20749998      0.495104700    
   1.24250007      0.455656439    
   1.27749991      0.414350033    
   1.31250000      0.385621399    
   1.34750009      0.351747304    
   1.38249993      0.329164594    
   1.41750002      0.283570379    
   1.45250010      0.272279024    
   1.48749995      0.251125574    
   1.52250004      0.225684285    
   1.55750000      0.208961636    
   1.59249997      0.180090040    
   1.62750006      0.168941617    
   1.66250002      0.155506328    
   1.69749999      0.143071547    
   1.73250008      0.129922107    
   1.76749992      0.119917110    
   1.80250001      0.102622740    
   1.83750010       9.33323875E-02
   1.87249994       8.27556700E-02
   1.90750003       8.56142342E-02
   1.94250000       7.11784512E-02
   1.97749996       6.97491616E-02
   2.01250005       6.64618090E-02
   2.04750013       5.63138761E-02
   2.08249998       5.14543019E-02
   2.11749983       4.97391559E-02
   2.15250015       5.13113700E-02
   2.18750000       4.50225100E-02
   2.22249985       4.47366536E-02
   2.25750017       3.78760807E-02
   2.29250002       3.90195101E-02
   2.32749987       3.14442925E-02
   2.36250019       3.30165103E-02
   2.39750004       2.77281497E-02
   2.43249989       2.57271510E-02
   2.46749997       2.20110063E-02
   2.50250006       2.52983645E-02
   2.53749990       2.15822197E-02
   2.57249999       1.91524345E-02
   2.60750008       1.97241474E-02
   2.64249992       2.17251498E-02
   2.67750001       1.72943622E-02
   2.71250010       1.67226475E-02
   2.74749994       1.87236480E-02
   2.78250003       1.35782184E-02
   2.81750011       1.34352893E-02
   2.85249996       1.24347890E-02
   2.88750005       1.41499331E-02
   2.92250013       1.15772178E-02
   2.95749998       1.24347890E-02
   2.99249983       1.10055031E-02
   3.02750015       1.08625749E-02
   3.06250000       1.10055031E-02
   3.09749985       1.00050028E-02
   3.13250017       6.71764463E-03
   3.16750002       9.14743077E-03
   3.20249987       8.86157434E-03
   3.23750019       7.71814538E-03
   3.27250004       8.86157434E-03
   3.30749989       8.14693142E-03
   3.34250021       6.14593038E-03
   3.37750006       5.71714435E-03
   3.41249990       6.43178774E-03
   3.44749999       5.57421567E-03
