 Dimensions:            3           3
 
 Trace:                (1.7969095259904861,1.2900366932153702)
 
 Determinant:               (0.0000000000000000,-0.0000000000000000)
 
 Matrix elements: 
            (0.69104272127151489,-0.70825934410095215)       (0.24734960496425629,-4.22709807753562927E-002)            (0.69139009714126587,-0.11068876832723618)
            (0.98520880937576294,-0.29800555109977722)            (0.14609886705875397,-0.17922399938106537)            (0.85322558879852295,-0.47618058323860168)
       (1.75517611205577850E-003,-0.94722640514373779)            (0.27227196097373962,-0.66097074747085571)            (0.95976793766021729,-0.40255334973335266)
