 Dimensions:            3           3
 
 Trace:               (1.4698050692677498,0.50755437370389700)
 
 Determinant:                (0.0000000000000000,0.0000000000000000)
 
 Matrix elements: 
        (0.11509198695421219,1.38321137055754662E-002)        (8.95305648446083069E-002,0.17146573960781097)        (0.70168805122375488,5.64001537859439850E-002)
             (0.67888504266738892,0.99758231639862061)             (0.84239494800567627,0.18871530890464783)             (0.58347666263580322,0.60620367527008057)
        (0.89630877971649170,5.84712112322449684E-003)        (6.26063495874404907E-002,0.77960228919982910)             (0.51231813430786133,0.30500695109367371)
