   0.00000000       4.63088695E-03
   2.91666668E-02   2.70992648E-02
   8.74999985E-02   6.20881878E-02
  0.145833328      0.124347895    
  0.204166666      0.193296641    
  0.262499988      0.269449025    
  0.320833325      0.364639461    
  0.379166663      0.466347456    
  0.437500000      0.540613174    
  0.495833337      0.618652165    
  0.554166675      0.701322079    
  0.612499952      0.765982985    
  0.670833349      0.829614818    
  0.729166627      0.858772218    
  0.787500024      0.874894619    
  0.845833302      0.867004931    
  0.904166698      0.864946783    
  0.962499976      0.838705063    
   1.02083325      0.795655012    
   1.07916665      0.750203669    
   1.13750005      0.683313072    
   1.19583333      0.646094501    
   1.25416660      0.577317238    
   1.31250000      0.522775650    
   1.37083340      0.469434708    
   1.42916667      0.392939329    
   1.48749995      0.334624469    
   1.54583335      0.302036732    
   1.60416675      0.248524264    
   1.66250002      0.211134151    
   1.72083330      0.179403976    
   1.77916670      0.134295732    
   1.83750010      0.118859433    
   1.89583325       9.24462229E-02
   1.95416665       7.54663050E-02
   2.01250005       6.27742484E-02
   2.07083321       4.75094691E-02
   2.12916660       4.11634371E-02
   2.18750000       2.48695761E-02
   2.24583340       2.48695761E-02
   2.30416679       1.49217471E-02
   2.36249995       1.45787178E-02
   2.42083335       1.02908593E-02
   2.47916675       9.94783081E-03
   2.53749990       5.14542963E-03
   2.59583330       3.77331511E-03
   2.65416670       4.45937226E-03
   2.71250010       3.60180088E-03
   2.77083349       2.40120059E-03
   2.82916665       2.91574374E-03
   2.88750005       2.05817213E-03
   2.94583321       2.91574374E-03
   3.00416660       1.37211464E-03
   3.06250000       8.57571606E-04
   3.12083340       1.88665756E-03
   3.17916679       5.14543033E-04
   3.23749995       1.54362898E-03
   3.29583335       6.86057319E-04
   3.35416675       1.37211464E-03
   3.41249990       1.71514321E-03
