   0.00000000       4.28785803E-03
   2.91666668E-02   2.77853217E-02
   8.74999985E-02   6.10591024E-02
  0.145833328      0.125205457    
  0.204166666      0.192782104    
  0.262499988      0.269277483    
  0.320833325      0.367555231    
  0.379166663      0.452969342    
  0.437500000      0.544043481    
  0.495833337      0.618137658    
  0.554166675      0.691545725    
  0.612499952      0.771814525    
  0.670833349      0.814521492    
  0.729166627      0.862717032    
  0.787500024      0.857914686    
  0.845833302      0.872321904    
  0.904166698      0.854827404    
  0.962499976      0.825155437    
   1.02083325      0.803373098    
   1.07916665      0.745572805    
   1.13750005      0.684685171    
   1.19583333      0.641635060    
   1.25416660      0.568913043    
   1.31250000      0.530150771    
   1.37083340      0.456571162    
   1.42916667      0.397741735    
   1.48749995      0.340798974    
   1.54583335      0.295519203    
   1.60416675      0.245437011    
   1.66250002      0.209590510    
   1.72083330      0.171857357    
   1.77916670      0.144929618    
   1.83750010      0.120231546    
   1.89583325       9.38183367E-02
   1.95416665       7.76959956E-02
   2.01250005       6.72336146E-02
   2.07083321       4.49367538E-02
   2.12916660       4.11634371E-02
   2.18750000       2.86428928E-02
   2.24583340       2.28114072E-02
   2.30416679       1.98956616E-02
   2.36249995       1.97241474E-02
   2.42083335       1.26920603E-02
   2.47916675       1.01193460E-02
   2.53749990       8.57571606E-03
   2.59583330       6.17451593E-03
   2.65416670       3.77331511E-03
   2.71250010       6.17451593E-03
   2.77083349       4.11634427E-03
   2.82916665       4.63088695E-03
   2.88750005       5.83148748E-03
   2.94583321       3.43028642E-03
   3.00416660       3.94482957E-03
   3.06250000       3.77331511E-03
   3.12083340       1.88665756E-03
   3.17916679       2.05817213E-03
   3.23749995       3.08725797E-03
   3.29583335       2.05817213E-03
   3.35416675       1.54362898E-03
   3.41249990       1.88665756E-03
