   0.00000000       6.86057284E-03
   2.91666668E-02   3.44743803E-02
   8.74999985E-02   8.78153369E-02
  0.145833328      0.161909536    
  0.204166666      0.268076897    
  0.262499988      0.355720699    
  0.320833325      0.473036498    
  0.379166663      0.580232978    
  0.437500000      0.670964062    
  0.495833337      0.766154528    
  0.554166675      0.810748219    
  0.612499952      0.871635854    
  0.670833349      0.908682883    
  0.729166627      0.902336895    
  0.787500024      0.878324866    
  0.845833302      0.876095176    
  0.904166698      0.805431306    
  0.962499976      0.752090335    
   1.02083325      0.713328123    
   1.07916665      0.630143642    
   1.13750005      0.566511810    
   1.19583333      0.498249143    
   1.25416660      0.449539036    
   1.31250000      0.394482970    
   1.37083340      0.330508113    
   1.42916667      0.290202230    
   1.48749995      0.246637598    
   1.54583335      0.218337744    
   1.60416675      0.186264560    
   1.66250002      0.153505325    
   1.72083330      0.137211457    
   1.77916670      0.109940685    
   1.83750010       9.96498242E-02
   1.89583325       8.55856463E-02
   1.95416665       8.02687034E-02
   2.01250005       7.11784512E-02
   2.07083321       5.65997288E-02
   2.12916660       4.93961275E-02
   2.18750000       4.16779816E-02
   2.24583340       4.21925224E-02
   2.30416679       3.75616364E-02
   2.36249995       3.27592380E-02
   2.42083335       2.88144071E-02
   2.47916675       2.62416918E-02
   2.53749990       2.31544338E-02
   2.59583330       2.07532346E-02
   2.65416670       1.76659767E-02
   2.71250010       1.83520336E-02
   2.77083349       1.33781182E-02
   2.82916665       1.13199456E-02
   2.88750005       1.40641751E-02
   2.94583321       1.33781182E-02
   3.00416660       9.77631751E-03
   3.06250000       9.43328813E-03
   3.12083340       1.20060034E-02
   3.17916679       9.94783081E-03
   3.23749995       6.51754485E-03
   3.29583335       8.23268853E-03
   3.35416675       6.86057284E-03
   3.41249990       6.34603016E-03
