   0.00000000       4.63088695E-03
   2.91666668E-02   2.46980637E-02
   8.74999985E-02   5.69427572E-02
  0.145833328      0.108911596    
  0.204166666      0.172886431    
  0.262499988      0.251954556    
  0.320833325      0.328621447    
  0.379166663      0.411977410    
  0.437500000      0.474065602    
  0.495833337      0.559136748    
  0.554166675      0.634946048    
  0.612499952      0.700464547    
  0.670833349      0.718816519    
  0.729166627      0.745058239    
  0.787500024      0.778331995    
  0.845833302      0.783477426    
  0.904166698      0.761352122    
  0.962499976      0.751747310    
   1.02083325      0.715043247    
   1.07916665      0.670449555    
   1.13750005      0.618823707    
   1.19583333      0.566854835    
   1.25416660      0.527406573    
   1.31250000      0.489673406    
   1.37083340      0.426213115    
   1.42916667      0.389680535    
   1.48749995      0.339941412    
   1.54583335      0.302379757    
   1.60416675      0.259329677    
   1.66250002      0.226913452    
   1.72083330      0.201014802    
   1.77916670      0.177345812    
   1.83750010      0.159165293    
   1.89583325      0.143900529    
   1.95416665      0.128292724    
   2.01250005      0.108054027    
   2.07083321       8.62717107E-02
   2.12916660       8.48995894E-02
   2.18750000       7.47802481E-02
   2.24583340       7.35796466E-02
   2.30416679       5.79718426E-02
   2.36249995       6.15736432E-02
   2.42083335       5.16258106E-02
   2.47916675       5.40270135E-02
   2.53749990       3.82476971E-02
   2.59583330       4.13349569E-02
   2.65416670       3.92767824E-02
   2.71250010       3.70470956E-02
   2.77083349       3.08725797E-02
   2.82916665       3.58464941E-02
   2.88750005       2.86428928E-02
   2.94583321       3.00150067E-02
   3.00416660       2.82998644E-02
   3.06250000       2.84713786E-02
   3.12083340       2.19538342E-02
   3.17916679       2.02386919E-02
   3.23749995       1.97241474E-02
   3.29583335       1.78374890E-02
   3.35416675       2.05817185E-02
   3.41249990       1.71514321E-02
