   0.00000000       4.63088695E-03
   2.91666668E-02   2.65847221E-02
   8.74999985E-02   5.84863871E-02
  0.145833328      0.120403059    
  0.204166666      0.180261552    
  0.262499988      0.264818132    
  0.320833325      0.348345608    
  0.379166663      0.441820920    
  0.437500000      0.516429663    
  0.495833337      0.600643218    
  0.554166675      0.679025173    
  0.612499952      0.732023180    
  0.670833349      0.771128416    
  0.729166627      0.808346987    
  0.787500024      0.815893650    
  0.845833302      0.837332964    
  0.904166698      0.823440313    
  0.962499976      0.791195631    
   1.02083325      0.747116387    
   1.07916665      0.725848675    
   1.13750005      0.647809565    
   1.19583333      0.612649202    
   1.25416660      0.537011385    
   1.31250000      0.506996393    
   1.37083340      0.451597214    
   1.42916667      0.389509052    
   1.48749995      0.337711722    
   1.54583335      0.295004636    
   1.60416675      0.248867288    
   1.66250002      0.220052898    
   1.72083330      0.178546414    
   1.77916670      0.167912528    
   1.83750010      0.129493326    
   1.89583325      0.117658831    
   1.95416665       9.31322798E-02
   2.01250005       8.62717107E-02
   2.07083321       6.53469563E-02
   2.12916660       5.86579032E-02
   2.18750000       5.09397574E-02
   2.24583340       4.64803800E-02
   2.30416679       4.25355546E-02
   2.36249995       3.27592380E-02
   2.42083335       3.05295512E-02
   2.47916675       2.77853217E-02
   2.53749990       2.36689765E-02
   2.59583330       2.40120068E-02
   2.65416670       2.00671759E-02
   2.71250010       1.78374890E-02
   2.77083349       1.71514321E-02
   2.82916665       1.80090051E-02
   2.88750005       1.45787178E-02
   2.94583321       1.44072035E-02
   3.00416660       1.28635745E-02
   3.06250000       1.37211457E-02
   3.12083340       1.28635745E-02
   3.17916679       1.20060034E-02
   3.23749995       1.11484313E-02
   3.29583335       9.26177390E-03
   3.35416675       9.43328813E-03
   3.41249990       8.40420183E-03
