   0.00000000       1.78989494    
   3.50000001E-02   1.52304721    
  0.105000004       1.31494331    
  0.175000012       1.12270427    
  0.245000005      0.976488292    
  0.314999998      0.831844568    
  0.384999990      0.737654567    
  0.455000013      0.635889351    
  0.524999976      0.524976790    
  0.595000029      0.473236620    
  0.664999962      0.423783332    
  0.735000014      0.356321037    
  0.805000007      0.315872222    
  0.875000000      0.278282017    
  0.945000052      0.239691272    
   1.01499999      0.219967142    
   1.08500004      0.195812196    
   1.15499997      0.169370398    
   1.22500002      0.157650247    
   1.29500008      0.129207462    
   1.36500001      0.126920611    
   1.43499994      0.109054536    
   1.50500000       9.79060978E-02
   1.57500005       8.71864557E-02
   1.64499998       8.16122368E-02
   1.71500003       7.70385265E-02
   1.78500009       6.04588017E-02
   1.85500002       5.96012324E-02
   1.92499995       6.11734428E-02
   1.99500000       5.11684418E-02
   2.06500006       4.63088714E-02
   2.13499999       4.23068665E-02
   2.20499992       3.94482948E-02
   2.27500010       3.15872207E-02
   2.34500003       3.15872207E-02
   2.41499996       2.82998662E-02
   2.48500013       3.17301527E-02
   2.55499983       2.58700792E-02
   2.62500000       2.41549350E-02
   2.69500017       2.34402921E-02
   2.76499987       2.27256492E-02
   2.83500004       2.08675768E-02
   2.90500021       2.08675768E-02
   2.97499990       2.00100057E-02
   3.04500008       1.68655757E-02
   3.11500001       1.80090051E-02
   3.18499994       1.57221463E-02
   3.25500011       1.52933607E-02
   3.32500005       1.40070030E-02
   3.39499998       1.45787187E-02
