   0.00000000      0.945901513    
   3.50000001E-02  0.895018995    
  0.105000004      0.830701113    
  0.175000012      0.768813014    
  0.245000005      0.714643061    
  0.314999998      0.672764957    
  0.384999990      0.626456082    
  0.455000013      0.607017815    
  0.524999976      0.553562462    
  0.595000029      0.499535501    
  0.664999962      0.485099673    
  0.735000014      0.453083694    
  0.805000007      0.420924753    
  0.875000000      0.407775342    
  0.945000052      0.354748815    
   1.01499999      0.346316010    
   1.08500004      0.322732806    
   1.15499997      0.296005160    
   1.22500002      0.267991155    
   1.29500008      0.263703287    
   1.36500001      0.242406920    
   1.43499994      0.218680784    
   1.50500000      0.208818704    
   1.57500005      0.200385913    
   1.64499998      0.183091551    
   1.71500003      0.175230488    
   1.78500009      0.159794182    
   1.85500002      0.147216469    
   1.92499995      0.136496812    
   1.99500000      0.136925608    
   2.06500006      0.116629750    
   2.13499999      0.116343886    
   2.20499992      0.102622740    
   2.27500010       8.96162391E-02
   2.34500003       9.00450200E-02
   2.41499996       8.13263804E-02
   2.48500013       8.14693123E-02
   2.55499983       7.58950934E-02
   2.62500000       7.28935897E-02
   2.69500017       5.61709441E-02
   2.76499987       5.83148748E-02
   2.83500004       5.31694442E-02
   2.90500021       4.98820841E-02
   2.97499990       5.44558018E-02
   3.04500008       4.78810854E-02
   3.11500001       4.10205126E-02
   3.18499994       3.75902243E-02
   3.25500011       3.31594385E-02
   3.32500005       3.38740796E-02
   3.39499998       2.85857227E-02
