   0.00000000       6.57471595E-03
   3.50000001E-02   3.31594385E-02
  0.105000004       8.94733071E-02
  0.175000012      0.162509829    
  0.245000005      0.248552859    
  0.314999998      0.375044674    
  0.384999990      0.466090232    
  0.455000013      0.566140234    
  0.524999976      0.647323668    
  0.595000029      0.738512158    
  0.664999962      0.763524652    
  0.735000014      0.809833527    
  0.805000007      0.839991450    
  0.875000000      0.794111371    
  0.945000052      0.814550161    
   1.01499999      0.753948390    
   1.08500004      0.697062850    
   1.15499997      0.618166268    
   1.22500002      0.563138723    
   1.29500008      0.500678897    
   1.36500001      0.432216138    
   1.43499994      0.382048190    
   1.50500000      0.308154106    
   1.57500005      0.259272516    
   1.64499998      0.208961636    
   1.71500003      0.158364892    
   1.78500009      0.129779175    
   1.85500002      0.102765672    
   1.92499995       7.90395215E-02
   1.99500000       6.33173734E-02
   2.06500006       4.38790843E-02
   2.13499999       3.40170078E-02
   2.20499992       2.97291502E-02
   2.27500010       1.88665763E-02
   2.34500003       1.68655757E-02
   2.41499996       1.27206463E-02
   2.48500013       9.00450256E-03
   2.55499983       5.57421567E-03
   2.62500000       6.86057378E-03
   2.69500017       5.14543010E-03
   2.76499987       4.57371539E-03
   2.83500004       4.85957274E-03
   2.90500021       2.71564373E-03
   2.97499990       3.00150085E-03
   3.04500008       3.71614378E-03
   3.11500001       3.00150085E-03
   3.18499994       1.85807189E-03
   3.25500011       1.57221465E-03
   3.32500005       2.14392901E-03
   3.39499998       1.57221465E-03
