   0.00000000       8.57571606E-03
   3.50000001E-02   4.63088714E-02
  0.105000004      0.119774178    
  0.175000012      0.218680784    
  0.245000005      0.341313511    
  0.314999998      0.479382545    
  0.384999990      0.571428597    
  0.455000013      0.708068311    
  0.524999976      0.762667060    
  0.595000029      0.833416700    
  0.664999962      0.843850493    
  0.735000014      0.853998482    
  0.805000007      0.832844973    
  0.875000000      0.798828006    
  0.945000052      0.731365681    
   1.01499999      0.653040826    
   1.08500004      0.584863842    
   1.15499997      0.512827873    
   1.22500002      0.449653387    
   1.29500008      0.376616895    
   1.36500001      0.321875244    
   1.43499994      0.264846712    
   1.50500000      0.216822699    
   1.57500005      0.188522831    
   1.64499998      0.158221975    
   1.71500003      0.132923618    
   1.78500009      0.102765672    
   1.85500002       8.56142342E-02
   1.92499995       7.28935897E-02
   1.99500000       6.10305183E-02
   2.06500006       5.53133711E-02
   2.13499999       5.04538007E-02
   2.20499992       4.51654419E-02
   2.27500010       3.55892256E-02
   2.34500003       3.30165103E-02
   2.41499996       2.41549350E-02
   2.48500013       2.12963633E-02
   2.55499983       1.95812192E-02
   2.62500000       2.00100057E-02
   2.69500017       1.97241474E-02
   2.76499987       1.50075052E-02
   2.83500004       1.47216469E-02
   2.90500021       1.20060034E-02
   2.97499990       1.14342887E-02
   3.04500008       1.05767166E-02
   3.11500001       9.14743077E-03
   3.18499994       8.14693142E-03
   3.25500011       9.43328813E-03
   3.32500005       5.86007303E-03
   3.39499998       5.71714435E-03
