   0.00000000       5.71714435E-03
   3.50000001E-02   3.07296496E-02
  0.105000004       8.11834484E-02
  0.175000012      0.146358892    
  0.245000005      0.231544346    
  0.314999998      0.330308020    
  0.384999990      0.416779846    
  0.455000013      0.513113737    
  0.524999976      0.587722421    
  0.595000029      0.660616040    
  0.664999962      0.677767515    
  0.735000014      0.736939907    
  0.805000007      0.710355222    
  0.875000000      0.738369167    
  0.945000052      0.729364693    
   1.01499999      0.665618539    
   1.08500004      0.630029321    
   1.15499997      0.553848386    
   1.22500002      0.530979753    
   1.29500008      0.460801840    
   1.36500001      0.404630899    
   1.43499994      0.368898749    
   1.50500000      0.327449441    
   1.57500005      0.253984153    
   1.64499998      0.222825706    
   1.71500003      0.196526840    
   1.78500009      0.162938625    
   1.85500002      0.137783185    
   1.92499995      0.119059533    
   1.99500000      0.101479314    
   2.06500006       9.03308839E-02
   2.13499999       8.26127380E-02
   2.20499992       6.30315170E-02
   2.27500010       6.61759526E-02
   2.34500003       5.47416583E-02
   2.41499996       5.07396571E-02
   2.48500013       4.64517996E-02
   2.55499983       3.85907255E-02
   2.62500000       4.05917242E-02
   2.69500017       3.25877257E-02
   2.76499987       3.23018655E-02
   2.83500004       2.90145092E-02
   2.90500021       2.37261485E-02
   2.97499990       3.04437932E-02
   3.04500008       2.42978632E-02
   3.11500001       2.28685774E-02
   3.18499994       2.38690767E-02
   3.25500011       2.11534332E-02
   3.32500005       1.81519333E-02
   3.39499998       1.81519333E-02
