   0.00000000       6.43178774E-03
   3.50000001E-02   3.38740796E-02
  0.105000004       8.86157379E-02
  0.175000012      0.165082544    
  0.245000005      0.248838723    
  0.314999998      0.372900754    
  0.384999990      0.468091190    
  0.455000013      0.568141222    
  0.524999976      0.654184282    
  0.595000029      0.742085338    
  0.664999962      0.764525115    
  0.735000014      0.815550685    
  0.805000007      0.831701577    
  0.875000000      0.821553648    
  0.945000052      0.813692570    
   1.01499999      0.763524652    
   1.08500004      0.699349701    
   1.15499997      0.614307165    
   1.22500002      0.566854835    
   1.29500008      0.504109204    
   1.36500001      0.433645397    
   1.43499994      0.375759333    
   1.50500000      0.318587869    
   1.57500005      0.259129554    
   1.64499998      0.204959631    
   1.71500003      0.156220973    
   1.78500009      0.129350394    
   1.85500002      0.106481813    
   1.92499995       7.43228793E-02
   1.99500000       6.18880875E-02
   2.06500006       4.48795818E-02
   2.13499999       3.00150104E-02
   2.20499992       2.52983645E-02
   2.27500010       1.90095063E-02
   2.34500003       1.22918608E-02
   2.41499996       1.01479311E-02
   2.48500013       6.43178774E-03
   2.55499983       6.14593038E-03
   2.62500000       3.57321533E-03
   2.69500017       3.14442930E-03
   2.76499987       2.71564373E-03
   2.83500004       2.14392901E-03
   2.90500021       2.57271505E-03
   2.97499990       2.14392901E-03
   3.04500008       1.00050028E-03
   3.11500001       1.14342885E-03
   3.18499994       8.57571722E-04
   3.25500011       1.28635752E-03
   3.32500005       1.14342885E-03
   3.39499998       8.57571722E-04
