   0.00000000       6.28885860E-03
   3.50000001E-02   3.21589373E-02
  0.105000004       8.64718109E-02
  0.175000012      0.155077547    
  0.245000005      0.247838214    
  0.314999998      0.351747304    
  0.384999990      0.446937770    
  0.455000013      0.540698946    
  0.524999976      0.622168243    
  0.595000029      0.711355746    
  0.664999962      0.723504663    
  0.735000014      0.776102304    
  0.805000007      0.795969427    
  0.875000000      0.762381256    
  0.945000052      0.771099865    
   1.01499999      0.723218739    
   1.08500004      0.655899405    
   1.15499997      0.600300193    
   1.22500002      0.543557525    
   1.29500008      0.485242635    
   1.36500001      0.421925247    
   1.43499994      0.359608382    
   1.50500000      0.321303517    
   1.57500005      0.254984647    
   1.64499998      0.205960125    
   1.71500003      0.172371909    
   1.78500009      0.148645759    
   1.85500002      0.112770669    
   1.92499995       9.99070928E-02
   1.99500000       7.78960958E-02
   2.06500006       6.21739440E-02
   2.13499999       5.43128736E-02
   2.20499992       4.37361561E-02
   2.27500010       4.11634408E-02
   2.34500003       3.58750820E-02
   2.41499996       3.18730809E-02
   2.48500013       2.57271510E-02
   2.55499983       2.22968627E-02
   2.62500000       2.20110063E-02
   2.69500017       1.95812192E-02
   2.76499987       1.31494319E-02
   2.83500004       1.42928613E-02
   2.90500021       1.51504325E-02
   2.97499990       1.32923611E-02
   3.04500008       1.14342887E-02
   3.11500001       1.14342887E-02
   3.18499994       1.35782184E-02
   3.25500011       8.86157434E-03
   3.32500005       9.86207370E-03
   3.39499998       8.43278784E-03
