   0.00000000       1.11955976    
   3.50000001E-02   1.02265418    
  0.105000004      0.920317292    
  0.175000012      0.826270282    
  0.245000005      0.781962454    
  0.314999998      0.702637076    
  0.384999990      0.655041814    
  0.455000013      0.610305130    
  0.524999976      0.556421041    
  0.595000029      0.516972780    
  0.664999962      0.453512460    
  0.735000014      0.438504994    
  0.805000007      0.399485469    
  0.875000000      0.345458448    
  0.945000052      0.330165088    
   1.01499999      0.313299507    
   1.08500004      0.280854702    
   1.15499997      0.266990662    
   1.22500002      0.249696285    
   1.29500008      0.220967621    
   1.36500001      0.208389923    
   1.43499994      0.193239480    
   1.50500000      0.171085551    
   1.57500005      0.158507824    
   1.64499998      0.156363890    
   1.71500003      0.139784187    
   1.78500009      0.128349885    
   1.85500002      0.118630752    
   1.92499995      0.106624745    
   1.99500000      0.103194460    
   2.06500006       8.93303826E-02
   2.13499999       8.66147429E-02
   2.20499992       8.56142342E-02
   2.27500010       7.47516602E-02
   2.34500003       6.87486604E-02
   2.41499996       6.58900887E-02
   2.48500013       6.03158735E-02
   2.55499983       5.87436557E-02
   2.62500000       4.97391559E-02
   2.69500017       5.10255136E-02
   2.76499987       5.08825853E-02
   2.83500004       4.70235124E-02
   2.90500021       4.15922254E-02
   2.97499990       3.55892256E-02
   3.04500008       3.81619409E-02
   3.11500001       3.11584380E-02
   3.18499994       3.07296496E-02
   3.25500011       2.87286509E-02
   3.32500005       2.94432938E-02
   3.39499998       2.90145092E-02
