   0.00000000      0.967626691    
   3.50000001E-02  0.921317816    
  0.105000004      0.828128338    
  0.175000012      0.774101377    
  0.245000005      0.727935374    
  0.314999998      0.675051808    
  0.384999990      0.620738924    
  0.455000013      0.594725907    
  0.524999976      0.571428597    
  0.595000029      0.504252136    
  0.664999962      0.484242111    
  0.735000014      0.445937246    
  0.805000007      0.422496974    
  0.875000000      0.395197600    
  0.945000052      0.352176100    
   1.01499999      0.344743818    
   1.08500004      0.317730308    
   1.15499997      0.291145593    
   1.22500002      0.276709795    
   1.29500008      0.254270017    
   1.36500001      0.233116552    
   1.43499994      0.217680275    
   1.50500000      0.211963132    
   1.57500005      0.192238986    
   1.64499998      0.175087556    
   1.71500003      0.170799688    
   1.78500009      0.156792685    
   1.85500002      0.146073028    
   1.92499995      0.135353386    
   1.99500000      0.122061037    
   2.06500006      0.116486818    
   2.13499999      0.113199465    
   2.20499992       9.91924554E-02
   2.27500010       9.70485285E-02
   2.34500003       8.53283778E-02
   2.41499996       7.46087357E-02
   2.48500013       7.53233805E-02
   2.55499983       7.30365142E-02
   2.62500000       6.67476654E-02
   2.69500017       6.78910911E-02
   2.76499987       5.71714453E-02
   2.83500004       5.67426570E-02
   2.90500021       4.85957265E-02
   2.97499990       5.18830866E-02
   3.04500008       4.43078689E-02
   3.11500001       3.95912230E-02
   3.18499994       3.83048691E-02
   3.25500011       3.48745808E-02
   3.32500005       3.34452949E-02
   3.39499998       2.82998662E-02
