   0.00000000       1.04966772    
   3.50000001E-02  0.977631629    
  0.105000004      0.886300325    
  0.175000012      0.809261799    
  0.245000005      0.756949902    
  0.314999998      0.677910388    
  0.384999990      0.655613542    
  0.455000013      0.599728465    
  0.524999976      0.553848386    
  0.595000029      0.510826886    
  0.664999962      0.467519522    
  0.735000014      0.439219624    
  0.805000007      0.410348028    
  0.875000000      0.376759797    
  0.945000052      0.343886226    
   1.01499999      0.313871205    
   1.08500004      0.307582378    
   1.15499997      0.273565352    
   1.22500002      0.252983630    
   1.29500008      0.242692783    
   1.36500001      0.217966139    
   1.43499994      0.202101052    
   1.50500000      0.184663773    
   1.57500005      0.176230982    
   1.64499998      0.164653763    
   1.71500003      0.148502827    
   1.78500009      0.142928615    
   1.85500002      0.132637754    
   1.92499995      0.121346392    
   1.99500000      0.118201956    
   2.06500006      0.107339390    
   2.13499999       9.56192389E-02
   2.20499992       9.13313851E-02
   2.27500010       8.64718109E-02
   2.34500003       7.97541663E-02
   2.41499996       7.63238817E-02
   2.48500013       6.88915923E-02
   2.55499983       6.46037310E-02
   2.62500000       5.94583005E-02
   2.69500017       5.47416583E-02
   2.76499987       5.03108688E-02
   2.83500004       4.83098701E-02
   2.90500021       4.81669419E-02
   2.97499990       4.51654419E-02
   3.04500008       4.04487960E-02
   3.11500001       4.00200114E-02
   3.18499994       3.37311514E-02
   3.25500011       3.20160091E-02
   3.32500005       3.27306539E-02
   3.39499998       2.78710779E-02
