   0.0000000000000000     
  0.31354567304381975     
  0.62709134608763950     
  0.94063701913145925     
   1.2541826921752790     
   1.5677283652190988     
   1.8812740382629185     
   2.1948197113067383     
   2.5083653843505580     
   2.8219110573943778     
   3.1354567304381975     
   3.4490024034820173     
   3.7625480765258370     
   4.0760937495696563     
   4.3896394226134765     
   4.7031850956572967     
   5.0167307687011160     
   5.3302764417449353     
   5.6438221147887555     
   5.9573677878325757     
   6.2709134608763950     
   6.5844591339202143     
   6.8980048069640345     
   7.2115504800078547     
   7.5250961530516740     
   7.8386418260954933     
   8.1521874991393126     
   8.4657331721831337     
   8.7792788452269530     
   9.0928245182707723     
   9.4063701913145934     
   9.7199158643584127     
   10.033461537402232     
   10.347007210446051     
   10.660552883489871     
   10.974098556533692     
   11.287644229577511     
   11.601189902621330     
   11.914735575665151     
   12.228281248708971     
   12.541826921752790     
   12.855372594796609     
   13.168918267840429     
   13.482463940884250     
   13.796009613928069     
   14.109555286971888     
   14.423100960015709     
   14.736646633059529     
   15.050192306103348     
   15.363737979147167     
   15.677283652190987     
   15.990829325234808     
   16.304374998278625     
   16.617920671322448     
   16.931466344366267     
   17.245012017410087     
   17.558557690453906     
   17.872103363497725     
   18.185649036541545     
   18.499194709585364     
   18.812740382629187     
   19.126286055673006     
   19.439831728716825     
   19.753377401760645     
   20.066923074804464     
   20.380468747848283     
   20.694014420892103     
   21.007560093935922     
   21.321105766979741     
   21.634651440023564     
   21.948197113067383     
   22.261742786111203     
   22.575288459155022     
   22.888834132198841     
   23.202379805242661     
   23.515925478286480     
   23.829471151330303     
   24.143016824374122     
   24.456562497417941     
   24.770108170461761     
   25.083653843505580     
   25.397199516549399     
   25.710745189593219     
   26.024290862637038     
   26.337836535680857     
   26.651382208724680     
   26.964927881768499     
   27.278473554812319     
   27.592019227856138     
   27.905564900899957     
   28.219110573943777     
   28.532656246987596     
   28.846201920031419     
   29.159747593075238     
   29.473293266119057     
   29.786838939162877     
   30.100384612206696     
   30.413930285250515     
   30.727475958294335     
   31.041021631338154     
   31.354567304381973     
   31.668112977425796     
   31.981658650469615     
   32.295204323513431     
   32.608749996557250     
   32.922295669601077     
   33.235841342644896     
   33.549387015688716     
   33.862932688732535     
   34.176478361776354     
   34.490024034820173     
   34.803569707863993     
   35.117115380907812     
   35.430661053951631     
   35.744206726995451     
   36.057752400039270     
   36.371298073083089     
   36.684843746126909     
   36.998389419170728     
   37.311935092214547     
   37.625480765258374     
   37.939026438302193     
   38.252572111346012     
   38.566117784389832     
   38.879663457433651     
   39.193209130477470     
   39.506754803521289     
   39.820300476565109     
   40.133846149608928     
   40.447391822652747     
   40.760937495696567     
   41.074483168740386     
   41.388028841784205     
   41.701574514828025     
   42.015120187871844     
   42.328665860915663     
   42.642211533959482     
   42.955757207003309     
   43.269302880047128     
   43.582848553090948     
   43.896394226134767     
   44.209939899178586     
   44.523485572222405     
   44.837031245266225     
   45.150576918310044     
   45.464122591353863     
   45.777668264397683     
   46.091213937441502     
   46.404759610485321     
   46.718305283529141     
   47.031850956572960     
   47.345396629616779     
   47.658942302660606     
   47.972487975704425     
   48.286033648748244     
   48.599579321792064     
   48.913124994835883     
   49.226670667879702     
   49.540216340923521     
   49.853762013967341     
   50.167307687011160     
   50.480853360054979     
   50.794399033098799     
   51.107944706142618     
   51.421490379186437     
   51.735036052230257     
   52.048581725274076     
   52.362127398317895     
   52.675673071361715     
   52.989218744405541     
   53.302764417449360     
   53.616310090493180     
   53.929855763536999     
   54.243401436580818     
   54.556947109624637     
   54.870492782668457     
   55.184038455712276     
   55.497584128756095     
   55.811129801799915     
   56.124675474843734     
   56.438221147887553     
   56.751766820931373     
   57.065312493975192     
   57.378858167019011     
   57.692403840062838     
   58.005949513106657     
   58.319495186150476     
   58.633040859194296     
   58.946586532238115     
   59.260132205281934     
   59.573677878325753     
   59.887223551369573     
   60.200769224413392     
   60.514314897457211     
   60.827860570501031     
   61.141406243544850     
   61.454951916588669     
   61.768497589632489     
   62.082043262676308     
   62.395588935720127     
   62.709134608763947     
   63.022680281807773     
   63.336225954851592     
   63.649771627895412     
   63.963317300939231     
   64.276862973983043     
   64.590408647026862     
   64.903954320070682     
   65.217499993114501     
   65.531045666158334     
   65.844591339202154     
   66.158137012245973     
   66.471682685289792     
   66.785228358333612     
   67.098774031377431     
   67.412319704421250     
   67.725865377465070     
   68.039411050508889     
   68.352956723552708     
   68.666502396596528     
   68.980048069640347     
   69.293593742684166     
   69.607139415727985     
   69.920685088771805     
   70.234230761815624     
   70.547776434859443     
   70.861322107903263     
   71.174867780947082     
   71.488413453990901     
   71.801959127034721     
   72.115504800078540     
   72.429050473122359     
   72.742596146166179     
   73.056141819209998     
   73.369687492253817     
   73.683233165297636     
   73.996778838341456     
   74.310324511385275     
   74.623870184429094     
   74.937415857472914     
   75.250961530516747     
   75.564507203560566     
   75.878052876604386     
   76.191598549648205     
   76.505144222692024     
   76.818689895735844     
   77.132235568779663     
   77.445781241823482     
   77.759326914867302     
   78.072872587911121     
   78.386418260954940     
   78.699963933998760     
   79.013509607042579     
   79.327055280086398     
   79.640600953130217     
  -80.581237972261675     
  -80.267692299217856     
  -79.954146626174037     
  -79.640600953130217     
  -79.327055280086398     
  -79.013509607042579     
  -78.699963933998760     
  -78.386418260954940     
  -78.072872587911121     
  -77.759326914867302     
  -77.445781241823482     
  -77.132235568779663     
  -76.818689895735844     
  -76.505144222692024     
  -76.191598549648205     
  -75.878052876604386     
  -75.564507203560566     
  -75.250961530516747     
  -74.937415857472914     
  -74.623870184429094     
  -74.310324511385275     
  -73.996778838341456     
  -73.683233165297636     
  -73.369687492253817     
  -73.056141819209998     
  -72.742596146166179     
  -72.429050473122359     
  -72.115504800078540     
  -71.801959127034721     
  -71.488413453990901     
  -71.174867780947082     
  -70.861322107903263     
  -70.547776434859443     
  -70.234230761815624     
  -69.920685088771805     
  -69.607139415727985     
  -69.293593742684166     
  -68.980048069640347     
  -68.666502396596528     
  -68.352956723552708     
  -68.039411050508889     
  -67.725865377465070     
  -67.412319704421250     
  -67.098774031377431     
  -66.785228358333612     
  -66.471682685289792     
  -66.158137012245973     
  -65.844591339202154     
  -65.531045666158334     
  -65.217499993114501     
  -64.903954320070682     
  -64.590408647026862     
  -64.276862973983043     
  -63.963317300939224     
  -63.649771627895404     
  -63.336225954851585     
  -63.022680281807766     
  -62.709134608763947     
  -62.395588935720127     
  -62.082043262676308     
  -61.768497589632489     
  -61.454951916588669     
  -61.141406243544850     
  -60.827860570501031     
  -60.514314897457211     
  -60.200769224413392     
  -59.887223551369573     
  -59.573677878325753     
  -59.260132205281934     
  -58.946586532238115     
  -58.633040859194296     
  -58.319495186150476     
  -58.005949513106657     
  -57.692403840062838     
  -57.378858167019018     
  -57.065312493975199     
  -56.751766820931380     
  -56.438221147887560     
  -56.124675474843741     
  -55.811129801799922     
  -55.497584128756102     
  -55.184038455712283     
  -54.870492782668450     
  -54.556947109624630     
  -54.243401436580811     
  -53.929855763536992     
  -53.616310090493172     
  -53.302764417449353     
  -52.989218744405534     
  -52.675673071361715     
  -52.362127398317895     
  -52.048581725274076     
  -51.735036052230257     
  -51.421490379186437     
  -51.107944706142618     
  -50.794399033098799     
  -50.480853360054979     
  -50.167307687011160     
  -49.853762013967341     
  -49.540216340923521     
  -49.226670667879702     
  -48.913124994835883     
  -48.599579321792064     
  -48.286033648748244     
  -47.972487975704425     
  -47.658942302660606     
  -47.345396629616786     
  -47.031850956572967     
  -46.718305283529148     
  -46.404759610485328     
  -46.091213937441509     
  -45.777668264397690     
  -45.464122591353870     
  -45.150576918310037     
  -44.837031245266218     
  -44.523485572222398     
  -44.209939899178579     
  -43.896394226134760     
  -43.582848553090940     
  -43.269302880047121     
  -42.955757207003302     
  -42.642211533959482     
  -42.328665860915663     
  -42.015120187871844     
  -41.701574514828025     
  -41.388028841784205     
  -41.074483168740386     
  -40.760937495696567     
  -40.447391822652747     
  -40.133846149608928     
  -39.820300476565109     
  -39.506754803521289     
  -39.193209130477470     
  -38.879663457433651     
  -38.566117784389832     
  -38.252572111346012     
  -37.939026438302193     
  -37.625480765258374     
  -37.311935092214554     
  -36.998389419170735     
  -36.684843746126916     
  -36.371298073083096     
  -36.057752400039277     
  -35.744206726995458     
  -35.430661053951638     
  -35.117115380907819     
  -34.803569707863986     
  -34.490024034820166     
  -34.176478361776347     
  -33.862932688732528     
  -33.549387015688708     
  -33.235841342644889     
  -32.922295669601070     
  -32.608749996557250     
  -32.295204323513445     
  -31.981658650469626     
  -31.668112977425807     
  -31.354567304381987     
  -31.041021631338168     
  -30.727475958294349     
  -30.413930285250530     
  -30.100384612206710     
  -29.786838939162863     
  -29.473293266119043     
  -29.159747593075224     
  -28.846201920031405     
  -28.532656246987585     
  -28.219110573943766     
  -27.905564900899947     
  -27.592019227856127     
  -27.278473554812308     
  -26.964927881768489     
  -26.651382208724669     
  -26.337836535680850     
  -26.024290862637031     
  -25.710745189593212     
  -25.397199516549392     
  -25.083653843505573     
  -24.770108170461754     
  -24.456562497417934     
  -24.143016824374115     
  -23.829471151330296     
  -23.515925478286476     
  -23.202379805242657     
  -22.888834132198838     
  -22.575288459155018     
  -22.261742786111199     
  -21.948197113067380     
  -21.634651440023561     
  -21.321105766979741     
  -21.007560093935922     
  -20.694014420892103     
  -20.380468747848283     
  -20.066923074804464     
  -19.753377401760645     
  -19.439831728716825     
  -19.126286055673006     
  -18.812740382629187     
  -18.499194709585367     
  -18.185649036541548     
  -17.872103363497729     
  -17.558557690453910     
  -17.245012017410090     
  -16.931466344366271     
  -16.617920671322452     
  -16.304374998278632     
  -15.990829325234813     
  -15.677283652190994     
  -15.363737979147174     
  -15.050192306103355     
  -14.736646633059536     
  -14.423100960015717     
  -14.109555286971897     
  -13.796009613928078     
  -13.482463940884259     
  -13.168918267840439     
  -12.855372594796620     
  -12.541826921752801     
  -12.228281248708981     
  -11.914735575665162     
  -11.601189902621343     
  -11.287644229577523     
  -10.974098556533704     
  -10.660552883489885     
  -10.347007210446066     
  -10.033461537402218     
  -9.7199158643583985     
  -9.4063701913145792     
  -9.0928245182707599     
  -8.7792788452269406     
  -8.4657331721831213     
  -8.1521874991393020     
  -7.8386418260954827     
  -7.5250961530516634     
  -7.2115504800078440     
  -6.8980048069640247     
  -6.5844591339202054     
  -6.2709134608763861     
  -5.9573677878325668     
  -5.6438221147887475     
  -5.3302764417449282     
  -5.0167307687011089     
  -4.7031850956572896     
  -4.3896394226134703     
  -4.0760937495696510     
  -3.7625480765258321     
  -3.4490024034820128     
  -3.1354567304381935     
  -2.8219110573943742     
  -2.5083653843505549     
  -2.1948197113067356     
  -1.8812740382629163     
  -1.5677283652190970     
  -1.2541826921752777     
 -0.94063701913145836     
 -0.62709134608763906     
 -0.31354567304381975     
